i_set,dataset,train_acc,train_loss,test_loss,test_acc
6,systemic,92.46935272216797,0.35325029492378235,0.5735171437263489,89.69804382324219
6,systemic,92.5394058227539,0.35265013575553894,0.572499692440033,89.69804382324219
6,systemic,92.5394058227539,0.3520529270172119,0.5714850425720215,89.69804382324219
6,systemic,92.5394058227539,0.35145896673202515,0.5704683065414429,89.69804382324219
6,systemic,92.5394058227539,0.35086581110954285,0.5694503784179688,89.69804382324219
6,systemic,92.5394058227539,0.35027340054512024,0.5684319138526917,89.69804382324219
6,systemic,92.5394058227539,0.34968146681785583,0.5674140453338623,89.69804382324219
6,systemic,92.5394058227539,0.3490909934043884,0.5664013028144836,89.69804382324219
6,systemic,92.5394058227539,0.34850484132766724,0.5654193758964539,89.69804382324219
6,systemic,92.5394058227539,0.3479316532611847,0.5644612312316895,89.69804382324219
6,systemic,92.5394058227539,0.34737783670425415,0.5635177493095398,89.69804382324219
6,systemic,92.5394058227539,0.3468337655067444,0.5625745058059692,89.69804382324219
6,systemic,92.5394058227539,0.3462904393672943,0.5616238117218018,89.69804382324219
6,systemic,92.5394058227539,0.3457430899143219,0.5606635212898254,89.69804382324219
6,systemic,92.57443237304688,0.3451898396015167,0.5596938133239746,89.69804382324219
6,systemic,92.60945892333984,0.34463047981262207,0.5587102770805359,89.69804382324219
6,systemic,92.60945892333984,0.3440656065940857,0.5577152967453003,89.69804382324219
6,systemic,92.64448547363281,0.343496173620224,0.5567118525505066,89.69804382324219
6,systemic,92.64448547363281,0.34292203187942505,0.5557016134262085,89.52042388916016
6,systemic,92.64448547363281,0.3423432409763336,0.5546839833259583,89.69804382324219
6,systemic,92.64448547363281,0.3417612314224243,0.5536631941795349,89.69804382324219
6,systemic,92.64448547363281,0.34117862582206726,0.552664577960968,89.69804382324219
6,systemic,92.64448547363281,0.340609073638916,0.5517193675041199,89.69804382324219
6,systemic,92.64448547363281,0.34007129073143005,0.5507894158363342,89.69804382324219
6,systemic,92.64448547363281,0.33954256772994995,0.5498541593551636,89.69804382324219
6,systemic,92.71453857421875,0.33900973200798035,0.548908531665802,89.69804382324219
6,systemic,92.74956512451172,0.3384752571582794,0.5479546785354614,89.69804382324219
6,systemic,92.74956512451172,0.3379388451576233,0.5470101833343506,89.69804382324219
6,systemic,92.74956512451172,0.33740803599357605,0.5461277365684509,89.69804382324219
6,systemic,92.71453857421875,0.3369126319885254,0.5453574061393738,89.69804382324219
6,systemic,92.71453857421875,0.3364804685115814,0.5446183085441589,89.69804382324219
6,systemic,92.74956512451172,0.33606472611427307,0.5438798666000366,89.69804382324219
6,systemic,92.74956512451172,0.33565032482147217,0.5431380271911621,89.69804382324219
6,systemic,92.74956512451172,0.3352348208427429,0.5423930883407593,89.69804382324219
6,systemic,92.81961822509766,0.33481791615486145,0.5416437387466431,89.69804382324219
6,systemic,92.81961822509766,0.33439886569976807,0.5408980250358582,89.69804382324219
6,systemic,92.81961822509766,0.3339802026748657,0.5401579141616821,89.69804382324219
6,systemic,92.78459167480469,0.3335663676261902,0.5394296050071716,89.69804382324219
6,systemic,92.78459167480469,0.33315959572792053,0.5387027263641357,89.69804382324219
6,systemic,92.81961822509766,0.33275341987609863,0.5379921793937683,89.69804382324219
6,systemic,92.81961822509766,0.3323582708835602,0.5373282432556152,89.69804382324219
6,systemic,92.78459167480469,0.3319927453994751,0.5366809368133545,89.69804382324219
6,systemic,92.78459167480469,0.3316313922405243,0.5360185503959656,89.69804382324219
6,systemic,92.78459167480469,0.33126288652420044,0.5353431701660156,89.87566375732422
6,systemic,92.78459167480469,0.3308860659599304,0.5346522927284241,89.87566375732422
6,systemic,92.78459167480469,0.33050036430358887,0.5339464545249939,89.87566375732422
6,systemic,92.78459167480469,0.3301066756248474,0.5332269072532654,90.05328369140625
6,systemic,92.81961822509766,0.3297053277492523,0.5324947834014893,90.23090362548828
6,systemic,92.81961822509766,0.32929715514183044,0.531749963760376,90.23090362548828
6,systemic,92.81961822509766,0.3288824260234833,0.5309938788414001,90.23090362548828
6,systemic,92.81961822509766,0.3284617066383362,0.5302268862724304,90.23090362548828
6,systemic,92.81961822509766,0.32803529500961304,0.5294484496116638,90.23090362548828
6,systemic,92.81961822509766,0.32760322093963623,0.5286583304405212,90.23090362548828
6,systemic,92.81961822509766,0.32716476917266846,0.5278548002243042,90.23090362548828
6,systemic,92.81961822509766,0.3267190456390381,0.5270355343818665,90.23090362548828
6,systemic,92.81961822509766,0.3262655735015869,0.5262003540992737,90.23090362548828
6,systemic,92.81961822509766,0.3258034884929657,0.5253445506095886,90.23090362548828
6,systemic,92.81961822509766,0.32533159852027893,0.5244617462158203,90.23090362548828
6,systemic,92.88966369628906,0.3248457610607147,0.5235409140586853,90.05328369140625
6,systemic,92.88966369628906,0.3243386149406433,0.5225780606269836,90.23090362548828
6,systemic,92.88966369628906,0.32381048798561096,0.521584153175354,90.23090362548828
6,systemic,92.88966369628906,0.32326558232307434,0.5205617547035217,90.23090362548828
6,systemic,92.92469024658203,0.32270604372024536,0.5195122361183167,90.23090362548828
6,systemic,92.92469024658203,0.32213255763053894,0.518436074256897,90.23090362548828
6,systemic,92.92469024658203,0.3215455412864685,0.5173336863517761,90.23090362548828
6,systemic,92.88966369628906,0.32094553112983704,0.516205906867981,90.23090362548828
6,systemic,92.88966369628906,0.32033321261405945,0.5150526165962219,90.23090362548828
6,systemic,92.85464477539062,0.31970784068107605,0.5138728618621826,90.05328369140625
6,systemic,92.85464477539062,0.31906986236572266,0.5126686692237854,90.05328369140625
6,systemic,92.85464477539062,0.318419486284256,0.5114383101463318,90.05328369140625
6,systemic,92.81961822509766,0.3177565634250641,0.5101840496063232,90.05328369140625
6,systemic,92.81961822509766,0.31708142161369324,0.508903980255127,90.05328369140625
6,systemic,92.88966369628906,0.31639420986175537,0.5075981616973877,90.05328369140625
6,systemic,92.88966369628906,0.3156956136226654,0.5062664747238159,90.05328369140625
6,systemic,92.88966369628906,0.3149861693382263,0.5049105882644653,90.05328369140625
6,systemic,92.88966369628906,0.3142649829387665,0.5035296678543091,90.05328369140625
6,systemic,92.92469024658203,0.31353139877319336,0.5021234750747681,90.05328369140625
6,systemic,93.02976989746094,0.31278544664382935,0.5006895661354065,90.05328369140625
6,systemic,93.02976989746094,0.31202682852745056,0.49922943115234375,90.05328369140625
6,systemic,93.02976989746094,0.31125593185424805,0.4977412819862366,90.05328369140625
6,systemic,93.0647964477539,0.31047287583351135,0.49622514843940735,90.23090362548828
6,systemic,93.02976989746094,0.30967703461647034,0.4946819245815277,90.23090362548828
6,systemic,92.959716796875,0.3088679909706116,0.49310922622680664,90.23090362548828
6,systemic,93.02976989746094,0.30804643034935,0.4915061593055725,90.23090362548828
6,systemic,93.02976989746094,0.30721157789230347,0.48987138271331787,90.23090362548828
6,systemic,93.02976989746094,0.30636337399482727,0.48820504546165466,90.23090362548828
6,systemic,92.959716796875,0.30550163984298706,0.4865061342716217,90.23090362548828
6,systemic,92.99474334716797,0.30462646484375,0.48477503657341003,90.40852355957031
6,systemic,92.99474334716797,0.3037378489971161,0.4830128252506256,90.23090362548828
6,systemic,92.99474334716797,0.3028363287448883,0.4812188446521759,90.23090362548828
6,systemic,93.0647964477539,0.3019223213195801,0.4793936014175415,90.23090362548828
6,systemic,93.09982299804688,0.300996333360672,0.4775363504886627,90.23090362548828
6,systemic,93.09982299804688,0.3000584542751312,0.47564634680747986,90.23090362548828
6,systemic,93.09982299804688,0.2991085350513458,0.47372493147850037,90.23090362548828
6,systemic,93.09982299804688,0.298147588968277,0.4717717468738556,90.23090362548828
6,systemic,93.09982299804688,0.29717564582824707,0.4697866439819336,90.23090362548828
6,systemic,93.13484954833984,0.2961931824684143,0.467769056558609,90.23090362548828
6,systemic,93.16987609863281,0.29520073533058167,0.465721070766449,90.23090362548828
6,systemic,93.20490264892578,0.2941989004611969,0.463643878698349,90.23090362548828
6,systemic,93.23992919921875,0.2931877076625824,0.4615382254123688,90.23090362548828
6,systemic,93.23992919921875,0.29216861724853516,0.4594053328037262,90.23090362548828
6,systemic,93.23992919921875,0.2911418378353119,0.4572424292564392,90.40852355957031
6,systemic,93.27495574951172,0.2901073694229126,0.45505136251449585,90.40852355957031
6,systemic,93.30998229980469,0.2890660762786865,0.45283082127571106,90.40852355957031
6,systemic,93.30998229980469,0.2880193293094635,0.45058032870292664,90.40852355957031
6,systemic,93.27495574951172,0.2869664430618286,0.44830137491226196,90.40852355957031
6,systemic,93.27495574951172,0.285908043384552,0.4459855258464813,90.40852355957031
6,systemic,93.27495574951172,0.2848438322544098,0.44360655546188354,90.40852355957031
6,systemic,93.23992919921875,0.28375959396362305,0.4411841332912445,90.40852355957031
6,systemic,93.20490264892578,0.28266140818595886,0.43871399760246277,90.40852355957031
6,systemic,93.23992919921875,0.28155428171157837,0.4362042248249054,90.40852355957031
6,systemic,93.20490264892578,0.28044426441192627,0.43366703391075134,90.58614349365234
6,systemic,93.27495574951172,0.2793344259262085,0.43110546469688416,90.58614349365234
6,systemic,93.34500885009766,0.27822771668434143,0.4285224378108978,90.58614349365234
6,systemic,93.4150619506836,0.2771254777908325,0.42591893672943115,90.58614349365234
6,systemic,93.38003540039062,0.27602970600128174,0.42329832911491394,90.58614349365234
6,systemic,93.34500885009766,0.274943470954895,0.4206611216068268,90.58614349365234
6,systemic,93.27495574951172,0.27386781573295593,0.41801026463508606,90.58614349365234
6,systemic,93.38003540039062,0.2728026509284973,0.41535019874572754,90.40852355957031
6,systemic,93.38003540039062,0.27175211906433105,0.41268303990364075,91.11900329589844
6,systemic,93.4150619506836,0.2707173228263855,0.41000857949256897,91.11900329589844
6,systemic,93.4150619506836,0.26969990134239197,0.4073294699192047,91.4742431640625
6,systemic,93.4150619506836,0.2687009274959564,0.404649943113327,91.65186309814453
6,systemic,93.4150619506836,0.2677231729030609,0.40197357535362244,91.65186309814453
6,systemic,93.38003540039062,0.26676833629608154,0.3993039131164551,91.29662322998047
6,systemic,93.4150619506836,0.2658384144306183,0.3966456949710846,91.29662322998047
6,systemic,93.38003540039062,0.26493507623672485,0.3940059542655945,91.29662322998047
6,systemic,93.23992919921875,0.2640596330165863,0.3913954198360443,91.11900329589844
6,systemic,93.16987609863281,0.26321494579315186,0.3888208866119385,91.29662322998047
6,systemic,93.20490264892578,0.26240411400794983,0.386275976896286,91.29662322998047
6,systemic,93.20490264892578,0.26163357496261597,0.3837611973285675,91.29662322998047
6,systemic,93.23992919921875,0.2609044909477234,0.38127827644348145,91.29662322998047
6,systemic,93.38003540039062,0.26021042466163635,0.3788241147994995,91.4742431640625
6,systemic,93.38003540039062,0.25954946875572205,0.37641265988349915,91.4742431640625
6,systemic,93.34500885009766,0.25892460346221924,0.37405869364738464,91.4742431640625
6,systemic,93.30998229980469,0.2583400011062622,0.3717725872993469,91.4742431640625
6,systemic,93.27495574951172,0.25780001282691956,0.3695523142814636,91.29662322998047
6,systemic,93.30998229980469,0.25730475783348083,0.36738625168800354,91.29662322998047
6,systemic,93.30998229980469,0.25685057044029236,0.36526936292648315,91.4742431640625
6,systemic,93.20490264892578,0.2564319670200348,0.3632151484489441,91.4742431640625
6,systemic,93.20490264892578,0.25604987144470215,0.36123424768447876,91.4742431640625
6,systemic,93.20490264892578,0.2557053864002228,0.3593335747718811,91.82948303222656
6,systemic,93.27495574951172,0.25539860129356384,0.35751575231552124,91.82948303222656
6,systemic,93.23992919921875,0.255129873752594,0.3557784855365753,92.0071029663086
6,systemic,93.27495574951172,0.2548935115337372,0.3541160523891449,92.0071029663086
6,systemic,93.27495574951172,0.2546844780445099,0.3525310456752777,92.18472290039062
6,systemic,93.30998229980469,0.25450170040130615,0.3510299623012543,92.18472290039062
6,systemic,93.38003540039062,0.25434377789497375,0.3496197462081909,92.18472290039062
6,systemic,93.34500885009766,0.25420960783958435,0.34829849004745483,92.18472290039062
6,systemic,93.34500885009766,0.25409790873527527,0.34706026315689087,92.18472290039062
6,systemic,93.34500885009766,0.2540040910243988,0.34590381383895874,92.53996276855469
6,systemic,93.4150619506836,0.2539256811141968,0.34482643008232117,92.53996276855469
6,systemic,93.34500885009766,0.25385791063308716,0.34383994340896606,92.53996276855469
6,systemic,93.27495574951172,0.25380176305770874,0.3429386615753174,92.53996276855469
6,systemic,93.27495574951172,0.2537519335746765,0.3421209752559662,92.53996276855469
6,systemic,93.23992919921875,0.25370827317237854,0.34137749671936035,92.53996276855469
6,systemic,93.34500885009766,0.2536680996417999,0.3407081067562103,92.53996276855469
6,systemic,93.38003540039062,0.25362956523895264,0.34011679887771606,92.53996276855469
6,systemic,93.38003540039062,0.2535923421382904,0.33960190415382385,92.53996276855469
6,systemic,93.34500885009766,0.25355517864227295,0.3391609191894531,92.53996276855469
6,systemic,93.34500885009766,0.253517210483551,0.33878645300865173,92.71758270263672
6,systemic,93.45008850097656,0.2534778118133545,0.3384740948677063,92.71758270263672
6,systemic,93.45008850097656,0.253436416387558,0.3382222652435303,92.71758270263672
6,systemic,93.45008850097656,0.2533925473690033,0.33802667260169983,92.71758270263672
6,systemic,93.45008850097656,0.2533464729785919,0.33788320422172546,92.71758270263672
6,systemic,93.45008850097656,0.25329846143722534,0.33778780698776245,92.71758270263672
6,systemic,93.45008850097656,0.2532491683959961,0.33773404359817505,92.71758270263672
6,systemic,93.45008850097656,0.2531982958316803,0.3377153277397156,92.71758270263672
6,systemic,93.45008850097656,0.2531462013721466,0.3377304971218109,92.71758270263672
6,systemic,93.45008850097656,0.253093421459198,0.3377752900123596,92.71758270263672
6,systemic,93.45008850097656,0.25304025411605835,0.3378429114818573,92.71758270263672
6,systemic,93.45008850097656,0.2529873847961426,0.3379291296005249,92.53996276855469
6,systemic,93.45008850097656,0.2529352009296417,0.3380284011363983,92.53996276855469
6,systemic,93.48511505126953,0.2528841197490692,0.33813509345054626,92.53996276855469
6,systemic,93.48511505126953,0.2528342306613922,0.3382447361946106,92.53996276855469
6,systemic,93.48511505126953,0.25278541445732117,0.33835405111312866,92.53996276855469
6,systemic,93.48511505126953,0.2527378797531128,0.33845871686935425,92.53996276855469
6,systemic,93.48511505126953,0.25269147753715515,0.33855584263801575,92.53996276855469
6,systemic,93.4150619506836,0.2526463568210602,0.3386421203613281,92.53996276855469
6,systemic,93.4150619506836,0.25260260701179504,0.338716059923172,92.53996276855469
6,systemic,93.45008850097656,0.2525598406791687,0.33877742290496826,92.53996276855469
6,systemic,93.45008850097656,0.25251832604408264,0.3388240337371826,92.53996276855469
6,systemic,93.48511505126953,0.2524779438972473,0.33885470032691956,92.53996276855469
6,systemic,93.48511505126953,0.25243842601776123,0.338868111371994,92.53996276855469
6,systemic,93.48511505126953,0.2523997128009796,0.33886274695396423,92.53996276855469
6,systemic,93.48511505126953,0.2523617744445801,0.3388387858867645,92.53996276855469
6,systemic,93.48511505126953,0.252324640750885,0.3387965261936188,92.53996276855469
6,systemic,93.48511505126953,0.2522878646850586,0.3387356996536255,92.53996276855469
6,systemic,93.48511505126953,0.2522514760494232,0.33865681290626526,92.53996276855469
6,systemic,93.48511505126953,0.25221577286720276,0.3385610580444336,92.53996276855469
6,systemic,93.5201416015625,0.2521805465221405,0.33844926953315735,92.53996276855469
6,systemic,93.48511505126953,0.2521456778049469,0.33832621574401855,92.53996276855469
6,systemic,93.48511505126953,0.25211119651794434,0.3381909430027008,92.53996276855469
6,systemic,93.48511505126953,0.25207698345184326,0.3380451798439026,92.53996276855469
6,systemic,93.48511505126953,0.2520431876182556,0.3378894329071045,92.53996276855469
6,systemic,93.48511505126953,0.2520100772380829,0.3377263844013214,92.53996276855469
6,systemic,93.48511505126953,0.25197747349739075,0.33755844831466675,92.53996276855469
6,systemic,93.48511505126953,0.2519454061985016,0.33738788962364197,92.53996276855469
6,systemic,93.48511505126953,0.2519136965274811,0.33721473813056946,92.53996276855469
6,systemic,93.48511505126953,0.25188255310058594,0.3370390832424164,92.53996276855469
6,systemic,93.48511505126953,0.2518520653247833,0.33686327934265137,92.53996276855469
6,systemic,93.48511505126953,0.251821905374527,0.33668744564056396,92.53996276855469
6,systemic,93.48511505126953,0.2517920136451721,0.3365144729614258,92.53996276855469
6,systemic,93.48511505126953,0.25176265835762024,0.33634671568870544,92.53996276855469
6,systemic,93.48511505126953,0.25173357129096985,0.3361835479736328,92.53996276855469
6,systemic,93.48511505126953,0.2517049014568329,0.33602574467658997,92.53996276855469
6,systemic,93.45008850097656,0.25167644023895264,0.33587461709976196,92.53996276855469
6,systemic,93.45008850097656,0.2516483664512634,0.3357297480106354,92.71758270263672
6,systemic,93.48511505126953,0.2516207993030548,0.3355906009674072,92.71758270263672
6,systemic,93.48511505126953,0.25159361958503723,0.33545997738838196,92.71758270263672
6,systemic,93.48511505126953,0.25156664848327637,0.33534109592437744,92.71758270263672
6,systemic,93.5201416015625,0.2515401244163513,0.3352334201335907,92.71758270263672
6,systemic,93.5201416015625,0.251513808965683,0.3351368010044098,92.71758270263672
6,systemic,93.55516815185547,0.25148776173591614,0.3350491225719452,92.71758270263672
6,systemic,93.55516815185547,0.2514617145061493,0.33496981859207153,92.71758270263672
6,systemic,93.55516815185547,0.2514358162879944,0.3348977267742157,92.71758270263672
6,systemic,93.55516815185547,0.25141024589538574,0.3348323106765747,92.71758270263672
6,systemic,93.55516815185547,0.2513847351074219,0.3347681760787964,92.53996276855469
6,systemic,93.55516815185547,0.25135838985443115,0.33469823002815247,92.53996276855469
6,systemic,93.55516815185547,0.25133270025253296,0.33463001251220703,92.53996276855469
6,systemic,93.55516815185547,0.2513076663017273,0.33456259965896606,92.53996276855469
6,systemic,93.55516815185547,0.2512827515602112,0.33449575304985046,92.71758270263672
6,systemic,93.59019470214844,0.25125789642333984,0.33442941308021545,92.71758270263672
6,systemic,93.6252212524414,0.2512332797050476,0.33436375856399536,92.71758270263672
6,systemic,93.6252212524414,0.2512086033821106,0.33429813385009766,92.71758270263672
6,systemic,93.6252212524414,0.2511838972568512,0.3342307209968567,92.71758270263672
6,systemic,93.6252212524414,0.2511593997478485,0.3341614902019501,92.71758270263672
6,systemic,93.6252212524414,0.2511351704597473,0.3340928554534912,92.71758270263672
6,systemic,93.59019470214844,0.2511107921600342,0.33402371406555176,92.71758270263672
6,systemic,93.59019470214844,0.2510865032672882,0.333954393863678,92.71758270263672
6,systemic,93.59019470214844,0.2510620355606079,0.33388447761535645,92.71758270263672
6,systemic,93.59019470214844,0.2510375380516052,0.33381280303001404,92.71758270263672
6,systemic,93.59019470214844,0.25101324915885925,0.33374014496803284,92.71758270263672
6,systemic,93.59019470214844,0.25098901987075806,0.3336679935455322,92.71758270263672
6,systemic,93.5201416015625,0.25096461176872253,0.3335980176925659,92.71758270263672
6,systemic,93.5201416015625,0.25094008445739746,0.3335305154323578,92.71758270263672
6,systemic,93.5201416015625,0.25091564655303955,0.3334653973579407,92.71758270263672
6,systemic,93.5201416015625,0.2508906424045563,0.3334038257598877,92.71758270263672
6,systemic,93.5201416015625,0.2508634924888611,0.3333563804626465,92.71758270263672
6,systemic,93.5201416015625,0.2508324682712555,0.3333294093608856,92.71758270263672
6,systemic,93.5201416015625,0.2507994771003723,0.3333410918712616,92.71758270263672
6,systemic,93.5201416015625,0.25076988339424133,0.33335480093955994,92.71758270263672
6,systemic,93.5201416015625,0.25074657797813416,0.333356112241745,92.71758270263672
6,systemic,93.5201416015625,0.2507237493991852,0.33333978056907654,92.71758270263672
6,systemic,93.5201416015625,0.25070109963417053,0.3333054780960083,92.71758270263672
6,systemic,93.5201416015625,0.2506781220436096,0.33325284719467163,92.71758270263672
6,systemic,93.5201416015625,0.2506551742553711,0.3331840932369232,92.71758270263672
6,systemic,93.5201416015625,0.2506313920021057,0.3330966830253601,92.53996276855469
6,systemic,93.48511505126953,0.2506057918071747,0.33300191164016724,92.53996276855469
6,systemic,93.48511505126953,0.25057899951934814,0.33291009068489075,92.53996276855469
6,systemic,93.48511505126953,0.2505558729171753,0.3328039050102234,92.53996276855469
6,systemic,93.48511505126953,0.25053223967552185,0.3326910734176636,92.53996276855469
6,systemic,93.48511505126953,0.25050801038742065,0.3325686454772949,92.53996276855469
6,systemic,93.48511505126953,0.2504842281341553,0.3324398696422577,92.53996276855469
6,systemic,93.48511505126953,0.25046026706695557,0.3323058784008026,92.53996276855469
6,systemic,93.45008850097656,0.25043630599975586,0.3321716785430908,92.53996276855469
6,systemic,93.45008850097656,0.2504129111766815,0.3320421576499939,92.71758270263672
6,systemic,93.45008850097656,0.25038963556289673,0.3319207727909088,92.71758270263672
6,systemic,93.45008850097656,0.2503662705421448,0.3318071663379669,92.71758270263672
6,systemic,93.45008850097656,0.2503431439399719,0.33170202374458313,92.71758270263672
6,systemic,93.45008850097656,0.2503206729888916,0.3316085636615753,92.71758270263672
6,systemic,93.45008850097656,0.25029894709587097,0.3315240442752838,92.71758270263672
6,systemic,93.45008850097656,0.25027719140052795,0.33145278692245483,92.71758270263672
6,systemic,93.45008850097656,0.2502553164958954,0.3313903212547302,92.71758270263672
6,systemic,93.45008850097656,0.2502335011959076,0.3313380181789398,92.71758270263672
6,systemic,93.45008850097656,0.2502115070819855,0.3312873840332031,92.71758270263672
6,systemic,93.45008850097656,0.25018933415412903,0.33123579621315,92.71758270263672
6,systemic,93.45008850097656,0.2501673102378845,0.33118587732315063,92.71758270263672
6,systemic,93.45008850097656,0.25014528632164,0.33113616704940796,92.71758270263672
6,systemic,93.48511505126953,0.2501234710216522,0.3310961127281189,92.71758270263672
6,systemic,93.48511505126953,0.25010159611701965,0.33106228709220886,92.71758270263672
6,systemic,93.48511505126953,0.25008001923561096,0.33103805780410767,92.71758270263672
6,systemic,93.48511505126953,0.2500583827495575,0.33102187514305115,92.71758270263672
6,systemic,93.48511505126953,0.2500368356704712,0.331005334854126,92.71758270263672
6,systemic,93.48511505126953,0.25001534819602966,0.33098727464675903,92.71758270263672
6,systemic,93.48511505126953,0.24999380111694336,0.33096590638160706,92.71758270263672
6,systemic,93.5201416015625,0.24997186660766602,0.3309427499771118,92.71758270263672
6,systemic,93.5201416015625,0.24995006620883942,0.330915242433548,92.71758270263672
6,systemic,93.5201416015625,0.24992899596691132,0.3308769464492798,92.71758270263672
6,systemic,93.5201416015625,0.2499077022075653,0.3308286666870117,92.71758270263672
6,systemic,93.5201416015625,0.24988576769828796,0.3307749330997467,92.71758270263672
6,systemic,93.5201416015625,0.24986384809017181,0.33072394132614136,92.71758270263672
6,systemic,93.5201416015625,0.24984236061573029,0.3306760787963867,92.71758270263672
6,systemic,93.5201416015625,0.24982067942619324,0.33062782883644104,92.71758270263672
6,systemic,93.5201416015625,0.24979868531227112,0.33057790994644165,92.71758270263672
6,systemic,93.5201416015625,0.24977634847164154,0.3305262327194214,92.71758270263672
6,systemic,93.5201416015625,0.24975372850894928,0.3304702043533325,92.71758270263672
6,systemic,93.5201416015625,0.2497314065694809,0.33040109276771545,92.71758270263672
6,systemic,93.55516815185547,0.24970874190330505,0.3303249180316925,92.71758270263672
6,systemic,93.55516815185547,0.24968492984771729,0.330247700214386,92.71758270263672
6,systemic,93.55516815185547,0.24966073036193848,0.3301776051521301,92.71758270263672
6,systemic,93.55516815185547,0.2496335208415985,0.33012765645980835,92.71758270263672
6,systemic,93.55516815185547,0.2496030479669571,0.3301016390323639,92.71758270263672
6,systemic,93.5201416015625,0.249569833278656,0.3301393985748291,92.71758270263672
6,systemic,93.5201416015625,0.24952039122581482,0.3302452564239502,92.71758270263672
6,systemic,93.55516815185547,0.2494942545890808,0.3303190767765045,92.71758270263672
6,systemic,93.55516815185547,0.24947048723697662,0.3303501605987549,92.71758270263672
6,systemic,93.55516815185547,0.249446302652359,0.33033090829849243,92.71758270263672
6,systemic,93.55516815185547,0.24942144751548767,0.33026760816574097,92.71758270263672
6,systemic,93.55516815185547,0.24939589202404022,0.3301772177219391,92.71758270263672
6,systemic,93.55516815185547,0.24936994910240173,0.33006343245506287,92.71758270263672
6,systemic,93.55516815185547,0.24934343993663788,0.3299327492713928,92.71758270263672
6,systemic,93.55516815185547,0.24931633472442627,0.3297821879386902,92.71758270263672
6,systemic,93.55516815185547,0.24928788840770721,0.32961955666542053,92.71758270263672
6,systemic,93.55516815185547,0.24925900995731354,0.3294493556022644,92.71758270263672
6,systemic,93.55516815185547,0.24923092126846313,0.32928308844566345,92.71758270263672
6,systemic,93.55516815185547,0.2492028921842575,0.3291323184967041,92.71758270263672
6,systemic,93.59019470214844,0.24917471408843994,0.3290017247200012,92.71758270263672
6,systemic,93.59019470214844,0.24914634227752686,0.3288899064064026,92.71758270263672
6,systemic,93.59019470214844,0.2491178661584854,0.32879212498664856,92.71758270263672
6,systemic,93.59019470214844,0.24908871948719025,0.3287133276462555,92.71758270263672
6,systemic,93.59019470214844,0.2490592747926712,0.3286554217338562,92.71758270263672
6,systemic,93.59019470214844,0.2490292191505432,0.32861340045928955,92.71758270263672
6,systemic,93.59019470214844,0.2489989846944809,0.32858365774154663,92.71758270263672
6,systemic,93.59019470214844,0.24896849691867828,0.3285650610923767,92.71758270263672
6,systemic,93.59019470214844,0.2489376813173294,0.3285536766052246,92.71758270263672
6,systemic,93.59019470214844,0.24890665709972382,0.3285461962223053,92.71758270263672
6,systemic,93.59019470214844,0.248874694108963,0.3285430073738098,92.71758270263672
6,systemic,93.59019470214844,0.24884192645549774,0.3285415768623352,92.71758270263672
6,systemic,93.59019470214844,0.24880902469158173,0.32853978872299194,92.71758270263672
6,systemic,93.59019470214844,0.2487761378288269,0.3285319209098816,92.71758270263672
6,systemic,93.59019470214844,0.24874326586723328,0.3285115361213684,92.71758270263672
6,systemic,93.59019470214844,0.24871012568473816,0.32848137617111206,92.71758270263672
6,systemic,93.59019470214844,0.2486763447523117,0.32843655347824097,92.71758270263672
6,systemic,93.59019470214844,0.24864259362220764,0.3283790647983551,92.71758270263672
6,systemic,93.59019470214844,0.2486085295677185,0.32832029461860657,92.71758270263672
6,systemic,93.6252212524414,0.24857428669929504,0.3282587230205536,92.71758270263672
6,systemic,93.6252212524414,0.248539999127388,0.3281932473182678,92.71758270263672
6,systemic,93.6252212524414,0.24850519001483917,0.3281150460243225,92.71758270263672
6,systemic,93.6252212524414,0.24847081303596497,0.3280356228351593,92.71758270263672
6,systemic,93.6252212524414,0.24843427538871765,0.3279496431350708,92.71758270263672
6,systemic,93.6252212524414,0.24839778244495392,0.3278581500053406,92.89520263671875
6,systemic,93.6252212524414,0.24836114048957825,0.327775776386261,92.89520263671875
6,systemic,93.6252212524414,0.24832375347614288,0.32770583033561707,92.89520263671875
6,systemic,93.6252212524414,0.24828574061393738,0.32764533162117004,92.89520263671875
6,systemic,93.6252212524414,0.24824771285057068,0.3275848627090454,92.89520263671875
6,systemic,93.6252212524414,0.24820959568023682,0.3275248408317566,92.89520263671875
6,systemic,93.6252212524414,0.2481725513935089,0.3274769186973572,92.89520263671875
6,systemic,93.6252212524414,0.24813435971736908,0.32742631435394287,92.89520263671875
6,systemic,93.6252212524414,0.24809618294239044,0.32737335562705994,92.89520263671875
6,systemic,93.6252212524414,0.24805709719657898,0.32731863856315613,92.89520263671875
6,systemic,93.6252212524414,0.24801810085773468,0.32727307081222534,92.89520263671875
6,systemic,93.6252212524414,0.2479778379201889,0.3272351324558258,92.89520263671875
6,systemic,93.6252212524414,0.24793709814548492,0.3271926939487457,92.89520263671875
6,systemic,93.6252212524414,0.2478969395160675,0.32713162899017334,92.89520263671875
6,systemic,93.6252212524414,0.24785542488098145,0.3270612955093384,92.89520263671875
6,systemic,93.6252212524414,0.24781367182731628,0.3269871771335602,92.89520263671875
6,systemic,93.6252212524414,0.2477719932794571,0.3269181251525879,92.89520263671875
6,systemic,93.6252212524414,0.2477288395166397,0.3268493413925171,92.89520263671875
6,systemic,93.6252212524414,0.24768537282943726,0.32678136229515076,92.89520263671875
6,systemic,93.6252212524414,0.2476421445608139,0.32671111822128296,92.89520263671875
6,systemic,93.6252212524414,0.24759861826896667,0.32663780450820923,92.89520263671875
6,systemic,93.6252212524414,0.24755404889583588,0.3265649974346161,92.89520263671875
6,systemic,93.6252212524414,0.2475092113018036,0.3265059292316437,92.89520263671875
6,systemic,93.6252212524414,0.24746394157409668,0.3264563977718353,92.89520263671875
6,systemic,93.6252212524414,0.24741826951503754,0.32642170786857605,92.89520263671875
6,systemic,93.6252212524414,0.24737241864204407,0.32639092206954956,92.89520263671875
6,systemic,93.6252212524414,0.2473260462284088,0.3263554275035858,92.89520263671875
6,systemic,93.6252212524414,0.24727922677993774,0.3263184130191803,92.89520263671875
6,systemic,93.6252212524414,0.24723172187805176,0.3262898921966553,92.89520263671875
6,systemic,93.6252212524414,0.2471839189529419,0.3262605667114258,92.89520263671875
6,systemic,93.6252212524414,0.24713517725467682,0.32622087001800537,92.89520263671875
6,systemic,93.66024780273438,0.247085839509964,0.3261685073375702,92.89520263671875
6,systemic,93.66024780273438,0.24703606963157654,0.32610297203063965,92.89520263671875
6,systemic,93.66024780273438,0.24698595702648163,0.32602670788764954,92.89520263671875
6,systemic,93.66024780273438,0.24693499505519867,0.3259342312812805,92.89520263671875
6,systemic,93.66024780273438,0.2468830943107605,0.32583537697792053,92.89520263671875
6,systemic,93.69527435302734,0.2468310296535492,0.32574549317359924,92.89520263671875
6,systemic,93.69527435302734,0.24677838385105133,0.3256798982620239,92.89520263671875
6,systemic,93.69527435302734,0.2467246800661087,0.32562756538391113,92.89520263671875
6,systemic,93.69527435302734,0.24667106568813324,0.3255678713321686,92.89520263671875
6,systemic,93.69527435302734,0.24661658704280853,0.3254982829093933,92.89520263671875
6,systemic,93.69527435302734,0.24656106531620026,0.32541701197624207,92.89520263671875
6,systemic,93.73030090332031,0.24650505185127258,0.3253280818462372,92.89520263671875
6,systemic,93.73030090332031,0.2464488446712494,0.32525771856307983,92.89520263671875
6,systemic,93.73030090332031,0.2463918775320053,0.3252020478248596,92.89520263671875
6,systemic,93.73030090332031,0.2463344782590866,0.3251454830169678,92.89520263671875
6,systemic,93.73030090332031,0.24627606570720673,0.32508090138435364,92.89520263671875
6,systemic,93.76532745361328,0.24621687829494476,0.32501375675201416,92.89520263671875
6,systemic,93.76532745361328,0.24615703523159027,0.3249577283859253,92.89520263671875
6,systemic,93.76532745361328,0.24609632790088654,0.32491040229797363,92.89520263671875
6,systemic,93.76532745361328,0.24603496491909027,0.32486119866371155,92.89520263671875
6,systemic,93.76532745361328,0.24597179889678955,0.3247953951358795,92.89520263671875
6,systemic,93.76532745361328,0.2459079772233963,0.3247300684452057,92.89520263671875
6,systemic,93.73030090332031,0.2458437979221344,0.3246675133705139,92.89520263671875
6,systemic,93.73030090332031,0.24577851593494415,0.32462409138679504,92.89520263671875
6,systemic,93.73030090332031,0.24571174383163452,0.32458317279815674,92.89520263671875
6,systemic,93.73030090332031,0.2456440031528473,0.3245411217212677,92.89520263671875
6,systemic,93.73030090332031,0.2455756813287735,0.3245048522949219,92.89520263671875
6,systemic,93.76532745361328,0.24550636112689972,0.3244730234146118,92.89520263671875
6,systemic,93.76532745361328,0.24543635547161102,0.32442507147789,92.89520263671875
6,systemic,93.76532745361328,0.2453654408454895,0.3243560492992401,92.89520263671875
6,systemic,93.76532745361328,0.24529382586479187,0.32426220178604126,92.89520263671875
6,systemic,93.76532745361328,0.2452205866575241,0.32415223121643066,92.89520263671875
6,systemic,93.76532745361328,0.24514541029930115,0.32405245304107666,92.89520263671875
6,systemic,93.76532745361328,0.24506926536560059,0.3239537477493286,92.89520263671875
6,systemic,93.76532745361328,0.24499273300170898,0.3238462805747986,92.89520263671875
6,systemic,93.76532745361328,0.24491433799266815,0.3237447738647461,92.89520263671875
6,systemic,93.76532745361328,0.24483515322208405,0.3236493170261383,92.89520263671875
6,systemic,93.76532745361328,0.24475479125976562,0.32356515526771545,92.89520263671875
6,systemic,93.76532745361328,0.24467281997203827,0.32349348068237305,92.89520263671875
6,systemic,93.76532745361328,0.2445903867483139,0.323425829410553,92.89520263671875
6,systemic,93.76532745361328,0.24450691044330597,0.32334667444229126,92.89520263671875
6,systemic,93.76532745361328,0.24442175030708313,0.32326075434684753,92.89520263671875
6,systemic,93.76532745361328,0.24433501064777374,0.32318437099456787,92.89520263671875
6,systemic,93.76532745361328,0.24424231052398682,0.32313817739486694,92.89520263671875
6,systemic,93.80035400390625,0.24414512515068054,0.32312288880348206,92.89520263671875
6,systemic,93.80035400390625,0.2440432757139206,0.3231263756752014,92.89520263671875
6,systemic,93.80035400390625,0.24393001198768616,0.3231789767742157,92.89520263671875
6,systemic,93.80035400390625,0.24378909170627594,0.3232397139072418,92.89520263671875
6,systemic,93.80035400390625,0.24363446235656738,0.3233810067176819,92.89520263671875
6,systemic,93.80035400390625,0.24346080422401428,0.3236521780490875,92.89520263671875
6,systemic,93.80035400390625,0.2433203011751175,0.32382023334503174,92.89520263671875
6,systemic,93.80035400390625,0.24320487678050995,0.3238014280796051,92.89520263671875
6,systemic,93.80035400390625,0.24310168623924255,0.323582261800766,92.89520263671875
6,systemic,93.80035400390625,0.2429974526166916,0.3232097923755646,92.89520263671875
6,systemic,93.80035400390625,0.24289070069789886,0.3227819800376892,92.89520263671875
6,systemic,93.80035400390625,0.2427835315465927,0.3223578631877899,93.07282257080078
6,systemic,93.80035400390625,0.2426750212907791,0.3220154941082001,93.07282257080078
6,systemic,93.80035400390625,0.24256540834903717,0.3217730224132538,93.07282257080078
6,systemic,93.80035400390625,0.24245312809944153,0.3216489255428314,93.07282257080078
6,systemic,93.80035400390625,0.24233730137348175,0.32162147760391235,93.07282257080078
6,systemic,93.80035400390625,0.2422197014093399,0.32165059447288513,93.07282257080078
6,systemic,93.83537292480469,0.24210062623023987,0.3217088282108307,93.07282257080078
6,systemic,93.87039947509766,0.24197958409786224,0.3217731714248657,93.07282257080078
6,systemic,93.87039947509766,0.2418569177389145,0.3217841386795044,93.07282257080078
6,systemic,93.87039947509766,0.2417343258857727,0.3217170834541321,93.07282257080078
6,systemic,93.87039947509766,0.24160929024219513,0.3215702176094055,93.07282257080078
6,systemic,93.87039947509766,0.2414809912443161,0.3213527500629425,93.07282257080078
6,systemic,93.87039947509766,0.24135033786296844,0.3210752308368683,93.07282257080078
6,systemic,93.87039947509766,0.24121816456317902,0.32077667117118835,93.07282257080078
6,systemic,93.87039947509766,0.24108456075191498,0.32050666213035583,93.07282257080078
6,systemic,93.87039947509766,0.2409491389989853,0.32029271125793457,93.07282257080078
6,systemic,93.87039947509766,0.24081145226955414,0.32014355063438416,93.07282257080078
6,systemic,93.87039947509766,0.24067123234272003,0.3200571835041046,93.07282257080078
6,systemic,93.87039947509766,0.24052794277668,0.32001054286956787,93.07282257080078
6,systemic,93.90542602539062,0.24038246273994446,0.31998711824417114,93.07282257080078
6,systemic,93.9404525756836,0.2402338683605194,0.31996235251426697,93.07282257080078
6,systemic,93.9404525756836,0.2400832325220108,0.31991633772850037,93.07282257080078
6,systemic,93.9404525756836,0.2399294376373291,0.3198529779911041,93.07282257080078
6,systemic,93.90542602539062,0.2397705316543579,0.3197868764400482,93.25044250488281
6,systemic,93.90542602539062,0.23960618674755096,0.31970804929733276,93.25044250488281
6,systemic,93.90542602539062,0.23943769931793213,0.3196127414703369,93.25044250488281
6,systemic,93.90542602539062,0.23926560580730438,0.31953150033950806,93.25044250488281
6,systemic,93.90542602539062,0.23908491432666779,0.3195180892944336,93.25044250488281
6,systemic,93.87039947509766,0.23888656497001648,0.319573312997818,93.25044250488281
6,systemic,93.87039947509766,0.23865854740142822,0.3196280896663666,93.25044250488281
6,systemic,93.87039947509766,0.23839975893497467,0.3197597563266754,93.25044250488281
6,systemic,93.87039947509766,0.23810163140296936,0.3200892508029938,93.07282257080078
6,systemic,93.80035400390625,0.23782624304294586,0.3203468322753906,93.07282257080078
6,systemic,93.80035400390625,0.23760129511356354,0.32031673192977905,93.07282257080078
6,systemic,93.80035400390625,0.23740175366401672,0.31992676854133606,93.07282257080078
6,systemic,93.80035400390625,0.23720017075538635,0.3192852735519409,93.07282257080078
6,systemic,93.83537292480469,0.23699162900447845,0.318556547164917,93.42806243896484
6,systemic,93.90542602539062,0.23678500950336456,0.3179434537887573,93.60568237304688
6,systemic,93.90542602539062,0.2365819364786148,0.3175574243068695,93.60568237304688
6,systemic,93.90542602539062,0.23637135326862335,0.3174392580986023,93.60568237304688
6,systemic,93.90542602539062,0.23614941537380219,0.3175502121448517,93.60568237304688
6,systemic,93.87039947509766,0.2359195053577423,0.31777799129486084,93.60568237304688
6,systemic,93.87039947509766,0.23568500578403473,0.3179943263530731,93.60568237304688
6,systemic,93.83537292480469,0.23544976115226746,0.3181456923484802,93.60568237304688
6,systemic,93.83537292480469,0.23520846664905548,0.31814056634902954,93.60568237304688
6,systemic,93.83537292480469,0.23496316373348236,0.3179563581943512,93.60568237304688
6,systemic,93.90542602539062,0.23471440374851227,0.317626029253006,93.42806243896484
6,systemic,93.90542602539062,0.23445869982242584,0.3172008693218231,93.42806243896484
6,systemic,93.90542602539062,0.23419860005378723,0.3167611360549927,93.42806243896484
6,systemic,93.90542602539062,0.23393584787845612,0.3163561522960663,93.42806243896484
