,index,test_ID,valid_id,train_loss,train_acc,valid_loss,valid_acc
0,0,4,1,10.38766860961914,0.7158541941150637,11.070589065551758,0.4603174603174603
1,1,4,1,6.836458206176758,0.7808519982433025,8.322735786437988,0.5008818342151675
2,2,4,1,4.366141319274902,0.8256477821695213,6.2596211433410645,0.5361552028218695
3,3,4,1,2.816910982131958,0.8682476943346509,4.800259590148926,0.5731922398589065
4,4,4,1,1.9784507751464844,0.891084760649978,3.8331241607666016,0.6349206349206349
5,5,4,1,1.6623835563659668,0.8880105401844532,3.2507128715515137,0.6754850088183422
6,6,4,1,1.6659749746322632,0.8770311813790075,2.9330034255981445,0.6931216931216931
7,7,4,1,1.8012617826461792,0.87044356609574,2.7840654850006104,0.6948853615520282
8,8,4,1,1.9291210174560547,0.8620992534036013,2.7319588661193848,0.7001763668430335
9,9,4,1,1.9805502891540527,0.8590250329380764,2.7360522747039795,0.6860670194003528
10,10,4,1,1.9426575899124146,0.8590250329380764,2.7787907123565674,0.6754850088183422
11,11,4,1,1.8317592144012451,0.8607817303469477,2.855935573577881,0.6613756613756614
12,12,4,1,1.6790320873260498,0.8559508124725516,2.9661519527435303,0.6490299823633157
13,13,4,1,1.5156972408294678,0.8634167764602547,3.10448956489563,0.6313932980599647
14,14,4,1,1.3674421310424805,0.8620992534036013,3.2674612998962402,0.6155202821869489
15,15,4,1,1.2538821697235107,0.8642951251646904,3.444892644882202,0.599647266313933
16,16,4,1,1.1802680492401123,0.8612209046991656,3.6203274726867676,0.5908289241622575
17,17,4,1,1.144630789756775,0.8612209046991656,3.776531457901001,0.5802469135802469
18,18,4,1,1.1366188526153564,0.8594642072902943,3.899885892868042,0.5749559082892416
19,19,4,1,1.1425237655639648,0.8502415458937198,3.9798314571380615,0.5608465608465608
20,20,4,1,1.1493834257125854,0.8502415458937198,4.012234210968018,0.5608465608465608
21,21,4,1,1.148988962173462,0.8515590689503733,3.9979066848754883,0.5608465608465608
22,22,4,1,1.137900710105896,0.8572683355292051,3.941298723220825,0.5590828924162258
23,23,4,1,1.1161423921585083,0.8638559508124726,3.851755142211914,0.5679012345679012
24,24,4,1,1.0868053436279297,0.867808519982433,3.7401883602142334,0.5731922398589065
25,25,4,1,1.0541045665740967,0.8792270531400966,3.6164610385894775,0.582010582010582
26,26,4,1,1.0220696926116943,0.8849363197189284,3.49044132232666,0.5837742504409171
27,27,4,1,0.9938216805458069,0.8915239350021958,3.370539426803589,0.5873015873015873
28,28,4,1,0.9709278345108032,0.8967940272288099,3.263610363006592,0.5925925925925926
29,29,4,1,0.9530821442604065,0.9011857707509882,3.1744225025177,0.599647266313933
30,30,4,1,0.9394216537475586,0.901624945103206,3.1060049533843994,0.599647266313933
31,31,4,1,0.928583025932312,0.9029424681598595,3.0594866275787354,0.599647266313933
32,32,4,1,0.9189764261245728,0.9033816425120773,3.0350539684295654,0.599647266313933
33,33,4,1,0.909392237663269,0.9025032938076416,3.0307531356811523,0.5978835978835979
34,34,4,1,0.8993068337440491,0.9011857707509882,3.0439395904541016,0.5961199294532628
35,35,4,1,0.8883692026138306,0.8994290733421169,3.0715889930725098,0.5961199294532628
36,36,4,1,0.8768410086631775,0.8972332015810277,3.110038995742798,0.5943562610229277
37,37,4,1,0.8649554252624512,0.8959156785243741,3.155319929122925,0.5890652557319224
38,38,4,1,0.8531742691993713,0.8950373298199386,3.2026915550231934,0.5890652557319224
39,39,4,1,0.8419197797775269,0.8915239350021958,3.248023748397827,0.5784832451499118
40,40,4,1,0.8313554525375366,0.8924022837066315,3.2871460914611816,0.5749559082892416
41,41,4,1,0.8215087056159973,0.891084760649978,3.316638946533203,0.5749559082892416
42,42,4,1,0.812359094619751,0.8902064119455424,3.334174633026123,0.5714285714285714
43,43,4,1,0.803704559803009,0.8902064119455424,3.338625192642212,0.5714285714285714
44,44,4,1,0.7952167987823486,0.8919631093544137,3.3301188945770264,0.5696649029982364
45,45,4,1,0.7869734764099121,0.8959156785243741,3.3098089694976807,0.5714285714285714
46,46,4,1,0.7789342999458313,0.8959156785243741,3.2797553539276123,0.5696649029982364
47,47,4,1,0.7709822654724121,0.8972332015810277,3.2429885864257812,0.5696649029982364
48,48,4,1,0.7631396055221558,0.8994290733421169,3.202390432357788,0.5696649029982364
49,49,4,1,0.7554746270179749,0.9042599912165129,3.1610095500946045,0.5714285714285714
50,50,4,1,0.7480978965759277,0.9051383399209486,3.121522903442383,0.5749559082892416
51,51,4,1,0.7409005165100098,0.9064558629776021,3.086310863494873,0.5784832451499118
52,52,4,1,0.7339015603065491,0.9104084321475626,3.057281017303467,0.582010582010582
53,53,4,1,0.726976215839386,0.9112867808519982,3.0352158546447754,0.5837742504409171
54,54,4,1,0.720086395740509,0.9126043039086518,3.02073073387146,0.5837742504409171
55,55,4,1,0.7132761478424072,0.9130434782608695,3.013423204421997,0.5855379188712522
56,56,4,1,0.7065684199333191,0.9130434782608695,3.012308120727539,0.5890652557319224
57,57,4,1,0.7001928091049194,0.9134826526130874,3.0158615112304688,0.5908289241622575
58,58,4,1,0.6940954327583313,0.9130434782608695,3.0224337577819824,0.5908289241622575
59,59,4,1,0.6882868409156799,0.9117259552042161,3.0301434993743896,0.5943562610229277
60,60,4,1,0.682721734046936,0.9121651295564339,3.0373668670654297,0.5925925925925926
61,61,4,1,0.6773502230644226,0.9117259552042161,3.042259693145752,0.5908289241622575
62,62,4,1,0.6720438599586487,0.9117259552042161,3.043799877166748,0.5890652557319224
63,63,4,1,0.6666789650917053,0.9117259552042161,3.0415232181549072,0.5890652557319224
64,64,4,1,0.6613108515739441,0.9126043039086518,3.0353801250457764,0.5873015873015873
65,65,4,1,0.655948281288147,0.9117259552042161,3.0258076190948486,0.5873015873015873
66,66,4,1,0.650628924369812,0.9117259552042161,3.0136983394622803,0.5873015873015873
67,67,4,1,0.6453508734703064,0.9134826526130874,3.00014066696167,0.5908289241622575
68,68,4,1,0.6401311159133911,0.9134826526130874,2.986196994781494,0.5908289241622575
69,69,4,1,0.634980320930481,0.9134826526130874,2.973029613494873,0.5908289241622575
70,70,4,1,0.6299231052398682,0.9143610013175231,2.961308240890503,0.5908289241622575
71,71,4,1,0.6249821782112122,0.9165568730786122,2.951631546020508,0.5943562610229277
72,72,4,1,0.6201502084732056,0.9174352217830478,2.9442222118377686,0.5943562610229277
73,73,4,1,0.6153906583786011,0.9174352217830478,2.9392127990722656,0.5943562610229277
74,74,4,1,0.6106952428817749,0.9183135704874835,2.9362785816192627,0.5978835978835979
75,75,4,1,0.6060458421707153,0.9183135704874835,2.9348537921905518,0.5943562610229277
76,76,4,1,0.601444661617279,0.9178743961352657,2.9345412254333496,0.5943562610229277
77,77,4,1,0.5968466997146606,0.9174352217830478,2.9347383975982666,0.5943562610229277
78,78,4,1,0.5922801494598389,0.9174352217830478,2.9348649978637695,0.5943562610229277
79,79,4,1,0.5877847671508789,0.9178743961352657,2.9343514442443848,0.5943562610229277
80,80,4,1,0.5833495855331421,0.9178743961352657,2.932781219482422,0.5943562610229277
81,81,4,1,0.5790013074874878,0.9174352217830478,2.929926633834839,0.5943562610229277
82,82,4,1,0.5747325420379639,0.9174352217830478,2.925570249557495,0.5978835978835979
83,83,4,1,0.5705329179763794,0.9174352217830478,2.9200072288513184,0.5978835978835979
84,84,4,1,0.5663967728614807,0.9174352217830478,2.9136550426483154,0.6014109347442681
85,85,4,1,0.5622992515563965,0.9183135704874835,2.9070868492126465,0.6014109347442681
86,86,4,1,0.5582382082939148,0.919631093544137,2.900841236114502,0.6031746031746031
87,87,4,1,0.5542089343070984,0.9200702678963548,2.8950881958007812,0.6049382716049383
88,88,4,1,0.5502261519432068,0.9205094422485727,2.890247344970703,0.6049382716049383
89,89,4,1,0.5463132858276367,0.9218269653052261,2.8862853050231934,0.6049382716049383
90,90,4,1,0.5424556732177734,0.9227053140096618,2.8830530643463135,0.6049382716049383
91,91,4,1,0.5386348962783813,0.9231444883618797,2.8803393840789795,0.6049382716049383
92,92,4,1,0.5348386764526367,0.9235836627140975,2.877873182296753,0.6031746031746031
93,93,4,1,0.5310525894165039,0.9235836627140975,2.8755288124084473,0.6031746031746031
94,94,4,1,0.5272971391677856,0.9240228370663153,2.873161554336548,0.6031746031746031
95,95,4,1,0.5235576629638672,0.9240228370663153,2.8704962730407715,0.6031746031746031
96,96,4,1,0.5198404788970947,0.9244620114185331,2.867400884628296,0.6031746031746031
97,97,4,1,0.516160786151886,0.9253403601229688,2.8639121055603027,0.6031746031746031
98,98,4,1,0.5125197172164917,0.9262187088274044,2.86019229888916,0.6031746031746031
99,99,4,1,0.5088949203491211,0.9266578831796223,2.8564038276672363,0.6031746031746031
100,100,4,1,0.5053104758262634,0.9279754062362758,2.852747917175293,0.6031746031746031
101,101,4,1,0.5017543435096741,0.9279754062362758,2.849308967590332,0.6031746031746031
102,102,4,1,0.498233437538147,0.9284145805884936,2.8461835384368896,0.6031746031746031
103,103,4,1,0.4947417676448822,0.9288537549407114,2.8433921337127686,0.6031746031746031
104,104,4,1,0.4912702143192291,0.9288537549407114,2.8408703804016113,0.6031746031746031
105,105,4,1,0.48783645033836365,0.9288537549407114,2.838693618774414,0.6031746031746031
106,106,4,1,0.4844491183757782,0.9297321036451471,2.836782455444336,0.6031746031746031
107,107,4,1,0.4810906946659088,0.930171277997365,2.835054636001587,0.6031746031746031
108,108,4,1,0.47777262330055237,0.930171277997365,2.83329439163208,0.6031746031746031
109,109,4,1,0.47447437047958374,0.9319279754062363,2.831547260284424,0.6031746031746031
110,110,4,1,0.47119542956352234,0.9323671497584541,2.8297903537750244,0.6031746031746031
111,111,4,1,0.46793821454048157,0.9323671497584541,2.8278579711914062,0.6031746031746031
112,112,4,1,0.46471235156059265,0.932806324110672,2.8258097171783447,0.6031746031746031
113,113,4,1,0.46152424812316895,0.9336846728151076,2.8236758708953857,0.6031746031746031
114,114,4,1,0.4583592116832733,0.9341238471673254,2.821406841278076,0.6031746031746031
115,115,4,1,0.45521655678749084,0.9345630215195433,2.8189618587493896,0.6031746031746031
116,116,4,1,0.45208895206451416,0.9354413702239789,2.8163812160491943,0.6049382716049383
117,117,4,1,0.4489811658859253,0.9354413702239789,2.8139421939849854,0.6049382716049383
118,118,4,1,0.4458986818790436,0.9354413702239789,2.8117763996124268,0.6067019400352733
119,119,4,1,0.4428364336490631,0.9363197189284146,2.809968948364258,0.6067019400352733
120,120,4,1,0.4397865831851959,0.9363197189284146,2.808591604232788,0.6067019400352733
121,121,4,1,0.436755895614624,0.9358805445761967,2.807539463043213,0.6049382716049383
122,122,4,1,0.4337491989135742,0.9358805445761967,2.8066930770874023,0.6049382716049383
123,123,4,1,0.43076908588409424,0.9358805445761967,2.805941581726074,0.6031746031746031
124,124,4,1,0.4278000593185425,0.9367588932806324,2.8052494525909424,0.6031746031746031
125,125,4,1,0.4248550236225128,0.9371980676328503,2.8043372631073,0.6049382716049383
126,126,4,1,0.4219402074813843,0.9385155906895037,2.80304217338562,0.6049382716049383
127,127,4,1,0.4190520942211151,0.9385155906895037,2.8014819622039795,0.6067019400352733
128,128,4,1,0.41618427634239197,0.9389547650417216,2.7998721599578857,0.6049382716049383
129,129,4,1,0.4133380055427551,0.9389547650417216,2.7984304428100586,0.6049382716049383
130,130,4,1,0.41050511598587036,0.9398331137461572,2.7972772121429443,0.6049382716049383
131,131,4,1,0.4076773524284363,0.9415898111550286,2.796591281890869,0.6067019400352733
132,132,4,1,0.404861181974411,0.9415898111550286,2.7963271141052246,0.6067019400352733
133,133,4,1,0.40205812454223633,0.9411506368028107,2.796236753463745,0.6084656084656085
134,134,4,1,0.3992832899093628,0.9420289855072463,2.7960996627807617,0.6084656084656085
135,135,4,1,0.3965258002281189,0.9420289855072463,2.7957983016967773,0.6084656084656085
136,136,4,1,0.3937949240207672,0.9420289855072463,2.7952675819396973,0.6084656084656085
137,137,4,1,0.3910919725894928,0.942907334211682,2.7944157123565674,0.6084656084656085
138,138,4,1,0.38840922713279724,0.9437856829161178,2.793018341064453,0.6084656084656085
139,139,4,1,0.38574904203414917,0.9437856829161178,2.7910525798797607,0.6084656084656085
140,140,4,1,0.38311171531677246,0.9437856829161178,2.7886300086975098,0.6084656084656085
141,141,4,1,0.3804888427257538,0.9437856829161178,2.7860374450683594,0.6102292768959435
142,142,4,1,0.3778793513774872,0.9442248572683355,2.7835402488708496,0.6119929453262787
143,143,4,1,0.37527787685394287,0.9446640316205533,2.781362295150757,0.6119929453262787
144,144,4,1,0.3726882040500641,0.9451032059727712,2.779663562774658,0.6137566137566137
145,145,4,1,0.37011098861694336,0.945542380324989,2.7784266471862793,0.6119929453262787
146,146,4,1,0.3675488829612732,0.9464207290294246,2.7772343158721924,0.6119929453262787
147,147,4,1,0.3650073707103729,0.9468599033816425,2.7758827209472656,0.6102292768959435
148,148,4,1,0.362487256526947,0.9477382520860782,2.774312734603882,0.6102292768959435
149,149,4,1,0.35997799038887024,0.9477382520860782,2.7724127769470215,0.6102292768959435
150,150,4,1,0.35747823119163513,0.9477382520860782,2.7701022624969482,0.6102292768959435
151,151,4,1,0.35499727725982666,0.9477382520860782,2.7676572799682617,0.6102292768959435
152,152,4,1,0.35253337025642395,0.9481774264382961,2.76507830619812,0.6102292768959435
153,153,4,1,0.3500971794128418,0.9481774264382961,2.7624900341033936,0.6102292768959435
154,154,4,1,0.3476819396018982,0.9481774264382961,2.760077953338623,0.6102292768959435
155,155,4,1,0.34528785943984985,0.9486166007905138,2.7577028274536133,0.6102292768959435
156,156,4,1,0.34291499853134155,0.9490557751427317,2.755246162414551,0.6119929453262787
157,157,4,1,0.34055382013320923,0.9490557751427317,2.752808094024658,0.6119929453262787
158,158,4,1,0.3382054567337036,0.9490557751427317,2.7503015995025635,0.6119929453262787
159,159,4,1,0.33587393164634705,0.9490557751427317,2.7479934692382812,0.6119929453262787
160,160,4,1,0.3335554301738739,0.9499341238471674,2.7459232807159424,0.6119929453262787
161,161,4,1,0.3312361240386963,0.9499341238471674,2.744023323059082,0.6102292768959435
162,162,4,1,0.32892775535583496,0.9499341238471674,2.742342472076416,0.6119929453262787
163,163,4,1,0.32663819193840027,0.9499341238471674,2.7408034801483154,0.6137566137566137
164,164,4,1,0.32435956597328186,0.9499341238471674,2.7394514083862305,0.6137566137566137
165,165,4,1,0.32208484411239624,0.9499341238471674,2.7381129264831543,0.6137566137566137
166,166,4,1,0.31982386112213135,0.9503732981993852,2.736708641052246,0.6137566137566137
167,167,4,1,0.3175800144672394,0.9503732981993852,2.735217332839966,0.6137566137566137
168,168,4,1,0.3153456151485443,0.9503732981993852,2.73376727104187,0.6119929453262787
169,169,4,1,0.3131190538406372,0.950812472551603,2.732436180114746,0.6119929453262787
170,170,4,1,0.3109064996242523,0.9521299956082565,2.7315125465393066,0.6137566137566137
171,171,4,1,0.30871036648750305,0.9521299956082565,2.73081636428833,0.6155202821869489
172,172,4,1,0.30652400851249695,0.9525691699604744,2.7304043769836426,0.6155202821869489
173,173,4,1,0.304354190826416,0.9538866930171278,2.730111598968506,0.6155202821869489
174,174,4,1,0.3021956980228424,0.9543258673693457,2.729846477508545,0.6155202821869489
175,175,4,1,0.3000534474849701,0.956082564778217,2.7294459342956543,0.6155202821869489
176,176,4,1,0.29792535305023193,0.956082564778217,2.7288784980773926,0.6172839506172839
177,177,4,1,0.2958105504512787,0.956082564778217,2.7283849716186523,0.6190476190476191
178,178,4,1,0.2937094569206238,0.9565217391304348,2.7278079986572266,0.6190476190476191
179,179,4,1,0.29162323474884033,0.9565217391304348,2.7271475791931152,0.6190476190476191
180,180,4,1,0.28954991698265076,0.9574000878348704,2.7262802124023438,0.6190476190476191
181,181,4,1,0.28749069571495056,0.9574000878348704,2.725290298461914,0.6190476190476191
182,182,4,1,0.2854534089565277,0.9574000878348704,2.7240986824035645,0.6190476190476191
183,183,4,1,0.28343042731285095,0.9591567852437418,2.72271466255188,0.6172839506172839
184,184,4,1,0.2814159095287323,0.9591567852437418,2.7211833000183105,0.6172839506172839
185,185,4,1,0.2794141471385956,0.9591567852437418,2.719895362854004,0.6190476190476191
186,186,4,1,0.27741652727127075,0.9591567852437418,2.7189369201660156,0.6190476190476191
187,187,4,1,0.2754264175891876,0.9591567852437418,2.718259572982788,0.6190476190476191
188,188,4,1,0.27344605326652527,0.9595959595959596,2.717633008956909,0.6190476190476191
189,189,4,1,0.2714792788028717,0.9600351339481774,2.717055082321167,0.6190476190476191
190,190,4,1,0.2695208489894867,0.961352657004831,2.7163448333740234,0.6172839506172839
191,191,4,1,0.26757192611694336,0.9617918313570487,2.715358257293701,0.6172839506172839
192,192,4,1,0.26563385128974915,0.9622310057092666,2.7139716148376465,0.6190476190476191
193,193,4,1,0.26370877027511597,0.9622310057092666,2.7122480869293213,0.6190476190476191
194,194,4,1,0.26179516315460205,0.9622310057092666,2.7106235027313232,0.6190476190476191
195,195,4,1,0.25989335775375366,0.9622310057092666,2.709237575531006,0.6172839506172839
196,196,4,1,0.2580038011074066,0.9635485287659201,2.7081291675567627,0.6208112874779541
197,197,4,1,0.2561255693435669,0.9635485287659201,2.7073895931243896,0.6208112874779541
198,198,4,1,0.2542567849159241,0.9635485287659201,2.7067618370056152,0.6208112874779541
199,199,4,1,0.2523975968360901,0.9635485287659201,2.706188917160034,0.6172839506172839
200,200,4,1,0.25055262446403503,0.9639877031181379,2.705315351486206,0.6172839506172839
201,201,4,1,0.2487158328294754,0.9639877031181379,2.7040061950683594,0.6172839506172839
202,202,4,1,0.24689270555973053,0.9648660518225736,2.702441453933716,0.6190476190476191
203,203,4,1,0.24508124589920044,0.9648660518225736,2.7008492946624756,0.6225749559082893
204,204,4,1,0.24328143894672394,0.9648660518225736,2.6995794773101807,0.6225749559082893
205,205,4,1,0.24149814248085022,0.9648660518225736,2.6982831954956055,0.6225749559082893
206,206,4,1,0.23972450196743011,0.9657444005270093,2.6966636180877686,0.6225749559082893
207,207,4,1,0.2379578948020935,0.966183574879227,2.694913864135742,0.6225749559082893
208,208,4,1,0.23620668053627014,0.9666227492314449,2.6933183670043945,0.6225749559082893
209,209,4,1,0.23446498811244965,0.9670619235836627,2.6919846534729004,0.6225749559082893
210,210,4,1,0.23273290693759918,0.9675010979358806,2.6909472942352295,0.6225749559082893
211,211,4,1,0.23101471364498138,0.9679402722880984,2.6903693675994873,0.6225749559082893
212,212,4,1,0.22930733859539032,0.9679402722880984,2.6900172233581543,0.6225749559082893
213,213,4,1,0.22761714458465576,0.9679402722880984,2.6893720626831055,0.6225749559082893
214,214,4,1,0.22593222558498383,0.9679402722880984,2.688685894012451,0.6225749559082893
215,215,4,1,0.22425764799118042,0.9683794466403162,2.6883862018585205,0.6243386243386243
216,216,4,1,0.22259873151779175,0.9683794466403162,2.688190460205078,0.6261022927689595
217,217,4,1,0.22095121443271637,0.9683794466403162,2.687929153442383,0.6278659611992945
218,218,4,1,0.2193130999803543,0.968818620992534,2.6872332096099854,0.6278659611992945
219,219,4,1,0.2176842838525772,0.968818620992534,2.6862893104553223,0.6278659611992945
220,220,4,1,0.21606352925300598,0.968818620992534,2.6851539611816406,0.6278659611992945
221,221,4,1,0.2144499570131302,0.968818620992534,2.6839938163757324,0.6278659611992945
222,222,4,1,0.21284598112106323,0.9696969696969697,2.682910919189453,0.6296296296296297
223,223,4,1,0.21125344932079315,0.9696969696969697,2.681893825531006,0.6296296296296297
224,224,4,1,0.20967170596122742,0.9696969696969697,2.6812970638275146,0.6296296296296297
225,225,4,1,0.2081010937690735,0.9696969696969697,2.681204080581665,0.6296296296296297
226,226,4,1,0.20654606819152832,0.9696969696969697,2.6811347007751465,0.6296296296296297
227,227,4,1,0.2050027698278427,0.9710144927536232,2.6804773807525635,0.6296296296296297
228,228,4,1,0.20346422493457794,0.9710144927536232,2.679635763168335,0.6313932980599647
229,229,4,1,0.20194028317928314,0.9718928414580589,2.6790871620178223,0.6313932980599647
230,230,4,1,0.20042181015014648,0.9727711901624945,2.6785733699798584,0.6313932980599647
231,231,4,1,0.19891348481178284,0.9736495388669302,2.6783628463745117,0.6313932980599647
232,232,4,1,0.19741259515285492,0.974088713219148,2.6779675483703613,0.6313932980599647
233,233,4,1,0.19592583179473877,0.974088713219148,2.677417039871216,0.6313932980599647
234,234,4,1,0.19445106387138367,0.974088713219148,2.6767163276672363,0.6313932980599647
235,235,4,1,0.19298529624938965,0.974088713219148,2.675921678543091,0.6313932980599647
236,236,4,1,0.19152410328388214,0.974088713219148,2.6752610206604004,0.6313932980599647
237,237,4,1,0.1900729537010193,0.974088713219148,2.6747775077819824,0.6313932980599647
238,238,4,1,0.1886337399482727,0.9749670619235836,2.6739745140075684,0.6313932980599647
239,239,4,1,0.18720747530460358,0.9754062362758015,2.6730966567993164,0.6313932980599647
240,240,4,1,0.18578749895095825,0.9754062362758015,2.6723995208740234,0.6313932980599647
241,241,4,1,0.18437638878822327,0.9758454106280193,2.6721372604370117,0.6296296296296297
242,242,4,1,0.18297412991523743,0.9762845849802372,2.671950340270996,0.6296296296296297
243,243,4,1,0.18158408999443054,0.976723759332455,2.67181396484375,0.6296296296296297
244,244,4,1,0.18020428717136383,0.976723759332455,2.6717567443847656,0.6296296296296297
245,245,4,1,0.1788341999053955,0.9771629336846728,2.671762704849243,0.6278659611992945
246,246,4,1,0.17747093737125397,0.9771629336846728,2.67155385017395,0.6278659611992945
247,247,4,1,0.17611242830753326,0.9776021080368906,2.6707491874694824,0.6278659611992945
248,248,4,1,0.17476245760917664,0.9780412823891085,2.66980242729187,0.6278659611992945
249,249,4,1,0.17342381179332733,0.9780412823891085,2.668825626373291,0.6296296296296297
250,250,4,1,0.1720927208662033,0.9780412823891085,2.6684789657592773,0.6296296296296297
251,251,4,1,0.17077168822288513,0.9780412823891085,2.668360948562622,0.6278659611992945
252,252,4,1,0.16946430504322052,0.9780412823891085,2.6674277782440186,0.6278659611992945
253,253,4,1,0.16816280782222748,0.9784804567413263,2.665285110473633,0.6278659611992945
254,254,4,1,0.16686750948429108,0.9789196310935442,2.663447618484497,0.6278659611992945
255,255,4,1,0.1655910462141037,0.9789196310935442,2.662116289138794,0.6278659611992945
256,256,4,1,0.1643238067626953,0.9793588054457619,2.6609206199645996,0.6278659611992945
257,257,4,1,0.16306361556053162,0.9793588054457619,2.6596622467041016,0.6278659611992945
258,258,4,1,0.1618124395608902,0.9793588054457619,2.6585781574249268,0.6278659611992945
259,259,4,1,0.16057123243808746,0.9793588054457619,2.657785654067993,0.6261022927689595
260,260,4,1,0.1593417376279831,0.9793588054457619,2.6567013263702393,0.6261022927689595
261,261,4,1,0.1581185758113861,0.9793588054457619,2.655190944671631,0.6261022927689595
262,262,4,1,0.1569049209356308,0.9793588054457619,2.6533780097961426,0.6261022927689595
263,263,4,1,0.15569953620433807,0.9793588054457619,2.651885747909546,0.6243386243386243
264,264,4,1,0.15450118482112885,0.9793588054457619,2.650934934616089,0.6243386243386243
265,265,4,1,0.15330836176872253,0.9793588054457619,2.650489091873169,0.6243386243386243
266,266,4,1,0.15212321281433105,0.9793588054457619,2.649787664413452,0.6243386243386243
267,267,4,1,0.15094780921936035,0.9793588054457619,2.648522138595581,0.6243386243386243
268,268,4,1,0.149776890873909,0.9793588054457619,2.646862030029297,0.6243386243386243
269,269,4,1,0.14861704409122467,0.9797979797979798,2.645225763320923,0.6243386243386243
270,270,4,1,0.1474643498659134,0.9806763285024155,2.6437904834747314,0.6261022927689595
271,271,4,1,0.14632143080234528,0.9806763285024155,2.642643928527832,0.6261022927689595
272,272,4,1,0.1451794058084488,0.9806763285024155,2.641603469848633,0.6261022927689595
273,273,4,1,0.14404621720314026,0.9806763285024155,2.640183210372925,0.6261022927689595
274,274,4,1,0.14291712641716003,0.9811155028546333,2.638721227645874,0.6261022927689595
275,275,4,1,0.14179955422878265,0.9815546772068511,2.6373722553253174,0.6261022927689595
276,276,4,1,0.14069302380084991,0.9819938515590689,2.6353962421417236,0.6261022927689595
277,277,4,1,0.13959598541259766,0.9819938515590689,2.633734703063965,0.6261022927689595
278,278,4,1,0.13850507140159607,0.9819938515590689,2.631978988647461,0.6261022927689595
279,279,4,1,0.1374264508485794,0.9819938515590689,2.630610704421997,0.6261022927689595
280,280,4,1,0.1363583654165268,0.9819938515590689,2.628992795944214,0.6278659611992945
281,281,4,1,0.135297954082489,0.9819938515590689,2.6270596981048584,0.6278659611992945
282,282,4,1,0.13424426317214966,0.9819938515590689,2.6253316402435303,0.6278659611992945
283,283,4,1,0.13320113718509674,0.9824330259112868,2.624239206314087,0.6278659611992945
284,284,4,1,0.1321609914302826,0.9824330259112868,2.6232824325561523,0.6278659611992945
285,285,4,1,0.1311306208372116,0.9824330259112868,2.6214563846588135,0.6278659611992945
286,286,4,1,0.13010437786579132,0.9824330259112868,2.6191391944885254,0.6296296296296297
287,287,4,1,0.12908899784088135,0.9824330259112868,2.6173059940338135,0.6296296296296297
288,288,4,1,0.1280776560306549,0.9824330259112868,2.615835428237915,0.6296296296296297
289,289,4,1,0.1270778775215149,0.9824330259112868,2.613800287246704,0.6296296296296297
290,290,4,1,0.12608130276203156,0.9824330259112868,2.612642526626587,0.6313932980599647
291,291,4,1,0.1250947117805481,0.9824330259112868,2.6127262115478516,0.6313932980599647
292,292,4,1,0.12411577254533768,0.9824330259112868,2.6117308139801025,0.6313932980599647
293,293,4,1,0.12313815206289291,0.9824330259112868,2.6098620891571045,0.6313932980599647
294,294,4,1,0.122172512114048,0.9828722002635046,2.6087453365325928,0.6313932980599647
295,295,4,1,0.12121070176362991,0.9828722002635046,2.607499361038208,0.6331569664902998
296,296,4,1,0.12025543302297592,0.9833113746157225,2.6059181690216064,0.6331569664902998
297,297,4,1,0.11930098384618759,0.9841897233201581,2.6041758060455322,0.6349206349206349
298,298,4,1,0.11836107075214386,0.9846288976723759,2.6025936603546143,0.63668430335097
299,299,4,1,0.11742302775382996,0.9846288976723759,2.6008310317993164,0.63668430335097
300,300,4,1,0.1164948120713234,0.9846288976723759,2.5998640060424805,0.6384479717813051
301,301,4,1,0.1155630424618721,0.9850680720245938,2.599426507949829,0.6384479717813051
302,302,4,1,0.11465105414390564,0.9850680720245938,2.598870277404785,0.6402116402116402
303,303,4,1,0.11373499780893326,0.9850680720245938,2.5969386100769043,0.6402116402116402
304,304,4,1,0.11283010244369507,0.9850680720245938,2.595254421234131,0.6402116402116402
305,305,4,1,0.11194605380296707,0.9855072463768116,2.595597267150879,0.6402116402116402
306,306,4,1,0.11104051023721695,0.9855072463768116,2.5960874557495117,0.6402116402116402
307,307,4,1,0.11016086488962173,0.9855072463768116,2.5953290462493896,0.6402116402116402
308,308,4,1,0.10927233099937439,0.9855072463768116,2.5951640605926514,0.6402116402116402
309,309,4,1,0.10839628428220749,0.9855072463768116,2.59503436088562,0.6402116402116402
310,310,4,1,0.10752663016319275,0.9855072463768116,2.5942461490631104,0.6402116402116402
311,311,4,1,0.10666076093912125,0.9855072463768116,2.5927040576934814,0.6402116402116402
312,312,4,1,0.1058012992143631,0.9855072463768116,2.5909371376037598,0.6402116402116402
313,313,4,1,0.10494644194841385,0.9855072463768116,2.589362382888794,0.6402116402116402
314,314,4,1,0.10410201549530029,0.9859464207290294,2.588852882385254,0.6384479717813051
315,315,4,1,0.10326310992240906,0.9859464207290294,2.5887420177459717,0.6384479717813051
316,316,4,1,0.10243245214223862,0.9859464207290294,2.5880227088928223,0.6384479717813051
317,317,4,1,0.10161162912845612,0.9859464207290294,2.585890293121338,0.6384479717813051
318,318,4,1,0.10079541057348251,0.9859464207290294,2.5845723152160645,0.6384479717813051
319,319,4,1,0.09998198598623276,0.9859464207290294,2.5842111110687256,0.6384479717813051
320,320,4,1,0.09917441755533218,0.9859464207290294,2.5826375484466553,0.6384479717813051
321,321,4,1,0.09837330132722855,0.9859464207290294,2.5809547901153564,0.6384479717813051
322,322,4,1,0.09757981449365616,0.9859464207290294,2.5796287059783936,0.6384479717813051
323,323,4,1,0.09678887575864792,0.9859464207290294,2.579268217086792,0.6384479717813051
324,324,4,1,0.0960005670785904,0.9868247694334651,2.5783326625823975,0.6384479717813051
325,325,4,1,0.09521809965372086,0.9872639437856829,2.5765461921691895,0.6384479717813051
326,326,4,1,0.09444661438465118,0.9872639437856829,2.5750560760498047,0.6384479717813051
327,327,4,1,0.09367573261260986,0.9872639437856829,2.5739998817443848,0.6384479717813051
328,328,4,1,0.09291098266839981,0.9877031181379008,2.572936534881592,0.6384479717813051
329,329,4,1,0.09215282648801804,0.9877031181379008,2.5732204914093018,0.63668430335097
330,330,4,1,0.09139642119407654,0.9877031181379008,2.573307514190674,0.63668430335097
331,331,4,1,0.0906481221318245,0.9877031181379008,2.5720627307891846,0.6402116402116402
332,332,4,1,0.08990439772605896,0.9877031181379008,2.569955348968506,0.6402116402116402
333,333,4,1,0.08916806429624557,0.9877031181379008,2.5687355995178223,0.6419753086419753
334,334,4,1,0.08843564242124557,0.9877031181379008,2.567136764526367,0.6419753086419753
335,335,4,1,0.08770815283060074,0.9877031181379008,2.565929412841797,0.6419753086419753
336,336,4,1,0.08698569238185883,0.9877031181379008,2.566101551055908,0.6419753086419753
337,337,4,1,0.08627793192863464,0.9877031181379008,2.5644726753234863,0.6402116402116402
338,338,4,1,0.0855678841471672,0.9877031181379008,2.562505006790161,0.6437389770723104
339,339,4,1,0.08486409485340118,0.9881422924901185,2.5606045722961426,0.6437389770723104
340,340,4,1,0.08417385816574097,0.9881422924901185,2.5589468479156494,0.6437389770723104
341,341,4,1,0.08347316086292267,0.9881422924901185,2.558685064315796,0.6437389770723104
342,342,4,1,0.08278916031122208,0.9881422924901185,2.558790922164917,0.6419753086419753
343,343,4,1,0.08211445063352585,0.9881422924901185,2.557358503341675,0.6437389770723104
344,344,4,1,0.08143306523561478,0.9885814668423364,2.555588483810425,0.6437389770723104
345,345,4,1,0.08076299726963043,0.9885814668423364,2.554501533508301,0.6437389770723104
346,346,4,1,0.08009452372789383,0.9885814668423364,2.553532361984253,0.6437389770723104
347,347,4,1,0.07943450659513474,0.9885814668423364,2.55232572555542,0.6455026455026455
348,348,4,1,0.07877972722053528,0.9885814668423364,2.5518009662628174,0.6437389770723104
349,349,4,1,0.078129842877388,0.9885814668423364,2.550539493560791,0.6437389770723104
350,350,4,1,0.07748566567897797,0.9885814668423364,2.5483956336975098,0.6419753086419753
351,351,4,1,0.07685115933418274,0.9890206411945542,2.5473780632019043,0.6419753086419753
352,352,4,1,0.07621873915195465,0.9903381642512077,2.54587459564209,0.6419753086419753
353,353,4,1,0.07559230178594589,0.9907773386034255,2.544516086578369,0.6419753086419753
354,354,4,1,0.07497548311948776,0.9907773386034255,2.54398250579834,0.6437389770723104
355,355,4,1,0.07435610145330429,0.9907773386034255,2.542867660522461,0.6437389770723104
356,356,4,1,0.07374788820743561,0.9907773386034255,2.5421059131622314,0.6437389770723104
357,357,4,1,0.07314272224903107,0.9907773386034255,2.541706085205078,0.6437389770723104
358,358,4,1,0.07253798097372055,0.9907773386034255,2.5390918254852295,0.6437389770723104
359,359,4,1,0.07193686813116074,0.9907773386034255,2.5358245372772217,0.6437389770723104
360,360,4,1,0.07133371382951736,0.9907773386034255,2.5341989994049072,0.6437389770723104
361,361,4,1,0.07073941081762314,0.9907773386034255,2.534217357635498,0.6419753086419753
362,362,4,1,0.07015054672956467,0.9907773386034255,2.533596992492676,0.6419753086419753
363,363,4,1,0.06956042349338531,0.9907773386034255,2.531999111175537,0.6419753086419753
364,364,4,1,0.06898154318332672,0.9907773386034255,2.5307393074035645,0.6419753086419753
365,365,4,1,0.06840232014656067,0.9907773386034255,2.529339551925659,0.6419753086419753
366,366,4,1,0.06782516092061996,0.9907773386034255,2.528573989868164,0.6419753086419753
367,367,4,1,0.06725969165563583,0.9907773386034255,2.5285964012145996,0.6402116402116402
368,368,4,1,0.06668687611818314,0.9912165129556434,2.5277950763702393,0.6419753086419753
369,369,4,1,0.06613194942474365,0.9912165129556434,2.525965452194214,0.6419753086419753
370,370,4,1,0.06556674838066101,0.9912165129556434,2.5251669883728027,0.6402116402116402
371,371,4,1,0.06501851975917816,0.9912165129556434,2.524139881134033,0.6402116402116402
372,372,4,1,0.06447425484657288,0.9912165129556434,2.52195143699646,0.6437389770723104
373,373,4,1,0.06392517685890198,0.9916556873078612,2.522073268890381,0.6419753086419753
374,374,4,1,0.06338109821081161,0.9916556873078612,2.52235746383667,0.6419753086419753
375,375,4,1,0.06284485012292862,0.9916556873078612,2.520970106124878,0.6402116402116402
376,376,4,1,0.06231027469038963,0.9916556873078612,2.519519805908203,0.6402116402116402
377,377,4,1,0.06178395077586174,0.9916556873078612,2.5192863941192627,0.6402116402116402
378,378,4,1,0.06126018986105919,0.9916556873078612,2.5187578201293945,0.6402116402116402
379,379,4,1,0.06074398383498192,0.9916556873078612,2.51849102973938,0.6402116402116402
380,380,4,1,0.06022414192557335,0.9916556873078612,2.5182127952575684,0.6402116402116402
381,381,4,1,0.05971308425068855,0.9920948616600791,2.5185647010803223,0.6419753086419753
382,382,4,1,0.059208229184150696,0.9920948616600791,2.5164713859558105,0.6455026455026455
383,383,4,1,0.05871311575174332,0.9920948616600791,2.5147621631622314,0.6455026455026455
384,384,4,1,0.05822143331170082,0.9920948616600791,2.514435291290283,0.6455026455026455
385,385,4,1,0.057728011161088943,0.9920948616600791,2.5154335498809814,0.6455026455026455
386,386,4,1,0.05723746120929718,0.9920948616600791,2.514688014984131,0.6455026455026455
387,387,4,1,0.05675454065203667,0.9920948616600791,2.51230788230896,0.6472663139329806
388,388,4,1,0.056268446147441864,0.9920948616600791,2.5118775367736816,0.6490299823633157
389,389,4,1,0.055788569152355194,0.9920948616600791,2.511913299560547,0.6490299823633157
390,390,4,1,0.055323779582977295,0.9929732103645147,2.5096991062164307,0.6507936507936508
391,391,4,1,0.05485723540186882,0.9929732103645147,2.5090343952178955,0.6507936507936508
392,392,4,1,0.054383862763643265,0.9934123847167325,2.508232831954956,0.6507936507936508
393,393,4,1,0.05393487587571144,0.9934123847167325,2.5063250064849854,0.6525573192239859
394,394,4,1,0.05347251892089844,0.9934123847167325,2.5063014030456543,0.6525573192239859
395,395,4,1,0.05301377922296524,0.9934123847167325,2.5064327716827393,0.6525573192239859
396,396,4,1,0.052580576390028,0.9934123847167325,2.504243850708008,0.6507936507936508
397,397,4,1,0.05211399868130684,0.9934123847167325,2.504263162612915,0.6507936507936508
398,398,4,1,0.051667895168066025,0.9934123847167325,2.504544734954834,0.6507936507936508
399,399,4,1,0.05123261734843254,0.9934123847167325,2.502901077270508,0.6507936507936508
400,400,4,1,0.05080057308077812,0.9934123847167325,2.502373695373535,0.6507936507936508
401,401,4,1,0.050356607884168625,0.9934123847167325,2.502722978591919,0.6525573192239859
402,402,4,1,0.04993947967886925,0.9934123847167325,2.5012378692626953,0.6525573192239859
403,403,4,1,0.04951964318752289,0.9934123847167325,2.5023837089538574,0.6525573192239859
404,404,4,1,0.04908798635005951,0.9934123847167325,2.503141403198242,0.6525573192239859
405,405,4,1,0.048683542758226395,0.9938515590689504,2.501210927963257,0.6525573192239859
406,406,4,1,0.048246197402477264,0.9938515590689504,2.5001425743103027,0.6525573192239859
407,407,4,1,0.04784904792904854,0.9938515590689504,2.5004260540008545,0.6525573192239859
408,408,4,1,0.04743523895740509,0.9942907334211682,2.4994447231292725,0.6525573192239859
409,409,4,1,0.04702524468302727,0.9942907334211682,2.4995644092559814,0.6525573192239859
410,410,4,1,0.04663090780377388,0.9942907334211682,2.500687599182129,0.6507936507936508
411,411,4,1,0.04622182995080948,0.9942907334211682,2.4997856616973877,0.6490299823633157
412,412,4,1,0.04583108797669411,0.9942907334211682,2.4970993995666504,0.6490299823633157
413,413,4,1,0.045427706092596054,0.9942907334211682,2.496654510498047,0.6490299823633157
414,414,4,1,0.04503704234957695,0.9951690821256038,2.496814250946045,0.6490299823633157
415,415,4,1,0.04465461149811745,0.9951690821256038,2.495980739593506,0.6490299823633157
416,416,4,1,0.0442640520632267,0.9951690821256038,2.495774507522583,0.6490299823633157
417,417,4,1,0.04388953372836113,0.9951690821256038,2.495816469192505,0.6490299823633157
418,418,4,1,0.04350418597459793,0.9951690821256038,2.4948132038116455,0.654320987654321
419,419,4,1,0.04312837868928909,0.9951690821256038,2.4936752319335938,0.654320987654321
420,420,4,1,0.042750243097543716,0.9951690821256038,2.4932029247283936,0.654320987654321
421,421,4,1,0.04238123819231987,0.9951690821256038,2.493602752685547,0.654320987654321
422,422,4,1,0.04200958460569382,0.9951690821256038,2.4934451580047607,0.654320987654321
423,423,4,1,0.041641704738140106,0.9951690821256038,2.4925386905670166,0.654320987654321
424,424,4,1,0.04128139093518257,0.9956082564778217,2.4909842014312744,0.654320987654321
425,425,4,1,0.040916379541158676,0.9960474308300395,2.490158796310425,0.654320987654321
426,426,4,1,0.04056161269545555,0.9956082564778217,2.490532398223877,0.654320987654321
427,427,4,1,0.04020501673221588,0.9956082564778217,2.491058826446533,0.654320987654321
428,428,4,1,0.039853110909461975,0.9960474308300395,2.491361379623413,0.654320987654321
429,429,4,1,0.03950273245573044,0.9960474308300395,2.490677833557129,0.656084656084656
430,430,4,1,0.03915349766612053,0.9960474308300395,2.48970627784729,0.6578483245149912
431,431,4,1,0.038805440068244934,0.9960474308300395,2.4894983768463135,0.6578483245149912
432,432,4,1,0.038469843566417694,0.9956082564778217,2.4889185428619385,0.6578483245149912
433,433,4,1,0.03812597319483757,0.9956082564778217,2.4891772270202637,0.656084656084656
434,434,4,1,0.03778882697224617,0.9960474308300395,2.489506721496582,0.656084656084656
435,435,4,1,0.037467218935489655,0.9956082564778217,2.4894230365753174,0.656084656084656
436,436,4,1,0.037116777151823044,0.9956082564778217,2.48923921585083,0.656084656084656
437,437,4,1,0.03680296242237091,0.9960474308300395,2.4888129234313965,0.656084656084656
438,438,4,1,0.03646211326122284,0.9960474308300395,2.489427328109741,0.656084656084656
439,439,4,1,0.036138568073511124,0.9960474308300395,2.4893598556518555,0.656084656084656
440,440,4,1,0.03582385182380676,0.9960474308300395,2.4890215396881104,0.6578483245149912
441,441,4,1,0.03549685329198837,0.9960474308300395,2.4890782833099365,0.6578483245149912
442,442,4,1,0.0351884588599205,0.9960474308300395,2.487886428833008,0.6596119929453262
443,443,4,1,0.03486642241477966,0.9960474308300395,2.48663067817688,0.6596119929453262
444,444,4,1,0.03456177935004234,0.9960474308300395,2.4872331619262695,0.6596119929453262
445,445,4,1,0.03424758464097977,0.9960474308300395,2.48795223236084,0.6596119929453262
446,446,4,1,0.03394870087504387,0.9960474308300395,2.4858791828155518,0.6596119929453262
447,447,4,1,0.033643148839473724,0.9960474308300395,2.484564781188965,0.6596119929453262
448,448,4,1,0.03334672003984451,0.9960474308300395,2.485515832901001,0.6596119929453262
449,449,4,1,0.033053942024707794,0.9960474308300395,2.4859564304351807,0.6596119929453262
450,450,4,1,0.0327608585357666,0.9960474308300395,2.485997438430786,0.6596119929453262
451,451,4,1,0.0324706993997097,0.9960474308300395,2.4855096340179443,0.6596119929453262
452,452,4,1,0.03218841552734375,0.9960474308300395,2.4843764305114746,0.6596119929453262
453,453,4,1,0.03190096095204353,0.9960474308300395,2.4843454360961914,0.6596119929453262
454,454,4,1,0.031621385365724564,0.9960474308300395,2.485520601272583,0.6596119929453262
455,455,4,1,0.03134865686297417,0.9960474308300395,2.484196186065674,0.6596119929453262
456,456,4,1,0.031066443771123886,0.9960474308300395,2.4841482639312744,0.6596119929453262
457,457,4,1,0.03079819865524769,0.9960474308300395,2.48492693901062,0.6596119929453262
458,458,4,1,0.030527528375387192,0.9960474308300395,2.4843482971191406,0.6596119929453262
459,459,4,1,0.030256742611527443,0.9960474308300395,2.4840290546417236,0.6596119929453262
460,460,4,1,0.029994096606969833,0.9960474308300395,2.4852287769317627,0.6596119929453262
461,461,4,1,0.029731199145317078,0.9960474308300395,2.4844560623168945,0.6596119929453262
462,462,4,1,0.02946527861058712,0.9960474308300395,2.4837489128112793,0.6596119929453262
463,463,4,1,0.029208512976765633,0.9960474308300395,2.485304355621338,0.6578483245149912
464,464,4,1,0.028952686116099358,0.9960474308300395,2.484867811203003,0.6578483245149912
465,465,4,1,0.02869461663067341,0.9960474308300395,2.4834775924682617,0.6578483245149912
466,466,4,1,0.028443587943911552,0.9960474308300395,2.483645439147949,0.6578483245149912
467,467,4,1,0.02819558046758175,0.9964866051822574,2.483293294906616,0.6578483245149912
468,468,4,1,0.027944667264819145,0.9964866051822574,2.483616352081299,0.6578483245149912
469,469,4,1,0.027700651437044144,0.9964866051822574,2.4835622310638428,0.6578483245149912
470,470,4,1,0.027457399293780327,0.9964866051822574,2.4828689098358154,0.6578483245149912
471,471,4,1,0.027218619361519814,0.9964866051822574,2.4836559295654297,0.6578483245149912
472,472,4,1,0.02698148787021637,0.9964866051822574,2.4831223487854004,0.6578483245149912
473,473,4,1,0.026745831593871117,0.9964866051822574,2.4827656745910645,0.6578483245149912
474,474,4,1,0.02651386894285679,0.997364953886693,2.4835376739501953,0.6578483245149912
475,475,4,1,0.026283321902155876,0.9978041282389108,2.482682943344116,0.6578483245149912
476,476,4,1,0.026058489456772804,0.9978041282389108,2.4822797775268555,0.6578483245149912
477,477,4,1,0.025833610445261,0.9978041282389108,2.482896089553833,0.6578483245149912
478,478,4,1,0.02560824528336525,0.9978041282389108,2.4823668003082275,0.6578483245149912
479,479,4,1,0.02538440003991127,0.9978041282389108,2.482403039932251,0.6578483245149912
480,480,4,1,0.02516612596809864,0.9978041282389108,2.483166217803955,0.6578483245149912
481,481,4,1,0.024949632585048676,0.9978041282389108,2.4822728633880615,0.6578483245149912
482,482,4,1,0.024733655154705048,0.9978041282389108,2.4824516773223877,0.6578483245149912
483,483,4,1,0.024518068879842758,0.9982433025911287,2.482273817062378,0.6578483245149912
484,484,4,1,0.024304302409291267,0.9982433025911287,2.481074810028076,0.6613756613756614
485,485,4,1,0.024091210216283798,0.9982433025911287,2.481539249420166,0.6596119929453262
486,486,4,1,0.02387983910739422,0.9982433025911287,2.4822611808776855,0.6596119929453262
487,487,4,1,0.02367107942700386,0.9982433025911287,2.481762409210205,0.6596119929453262
488,488,4,1,0.02346622385084629,0.9982433025911287,2.480684757232666,0.6596119929453262
489,489,4,1,0.023260226473212242,0.9982433025911287,2.481301784515381,0.6596119929453262
490,490,4,1,0.023056095466017723,0.9982433025911287,2.480792999267578,0.6596119929453262
491,491,4,1,0.022852176800370216,0.9982433025911287,2.4801063537597656,0.6596119929453262
492,492,4,1,0.022656092420220375,0.9982433025911287,2.4803009033203125,0.6613756613756614
493,493,4,1,0.022459452971816063,0.9982433025911287,2.479853630065918,0.6613756613756614
494,494,4,1,0.022259904071688652,0.9982433025911287,2.4793245792388916,0.6613756613756614
495,495,4,1,0.022066999226808548,0.9991216512955643,2.4796018600463867,0.6613756613756614
496,496,4,1,0.021875664591789246,0.9991216512955643,2.4791533946990967,0.6613756613756614
497,497,4,1,0.021683016791939735,0.9991216512955643,2.479348659515381,0.6613756613756614
498,498,4,1,0.02149331569671631,0.9991216512955643,2.4800758361816406,0.6613756613756614
499,499,4,1,0.0213091429322958,0.9991216512955643,2.4784934520721436,0.6613756613756614
500,500,4,1,0.021118763834238052,0.9991216512955643,2.4780359268188477,0.6613756613756614
501,501,4,1,0.02093580737709999,0.9991216512955643,2.478947639465332,0.6613756613756614
502,502,4,1,0.020753543823957443,0.9991216512955643,2.478800058364868,0.6613756613756614
503,503,4,1,0.020569315180182457,0.9991216512955643,2.477989673614502,0.6613756613756614
504,504,4,1,0.02039376273751259,0.9991216512955643,2.479123830795288,0.6613756613756614
505,505,4,1,0.020214075222611427,0.9991216512955643,2.4796741008758545,0.6613756613756614
506,506,4,1,0.02003723569214344,0.9991216512955643,2.479271411895752,0.6613756613756614
507,507,4,1,0.01986500807106495,0.9991216512955643,2.4800148010253906,0.6613756613756614
508,508,4,1,0.019691843539476395,0.9991216512955643,2.480088710784912,0.6613756613756614
509,509,4,1,0.01951722241938114,0.9991216512955643,2.4789345264434814,0.6613756613756614
510,510,4,1,0.019344419240951538,0.9991216512955643,2.479180097579956,0.6613756613756614
511,511,4,1,0.019182465970516205,0.9991216512955643,2.479501247406006,0.6613756613756614
512,512,4,1,0.019008731469511986,0.9991216512955643,2.4790358543395996,0.6613756613756614
513,513,4,1,0.018839938566088676,0.9991216512955643,2.4793686866760254,0.6613756613756614
514,514,4,1,0.018678437918424606,0.9991216512955643,2.4782938957214355,0.6613756613756614
515,515,4,1,0.018515320494771004,0.9991216512955643,2.478428602218628,0.6613756613756614
516,516,4,1,0.018349045887589455,0.9991216512955643,2.480926036834717,0.6613756613756614
517,517,4,1,0.018192674964666367,0.9991216512955643,2.478868246078491,0.6613756613756614
518,518,4,1,0.018025832250714302,0.9991216512955643,2.4780404567718506,0.6631393298059964
519,519,4,1,0.017868591472506523,0.9991216512955643,2.479830503463745,0.6631393298059964
520,520,4,1,0.01771513558924198,0.9991216512955643,2.4789862632751465,0.6631393298059964
521,521,4,1,0.017555203288793564,0.9991216512955643,2.4788153171539307,0.6649029982363316
522,522,4,1,0.01740392856299877,0.9991216512955643,2.4792449474334717,0.6649029982363316
523,523,4,1,0.017252018675208092,0.9991216512955643,2.4788925647735596,0.6649029982363316
524,524,4,1,0.017098018899559975,0.9991216512955643,2.4783928394317627,0.6649029982363316
525,525,4,1,0.01695140451192856,0.9991216512955643,2.47900652885437,0.6631393298059964
526,526,4,1,0.01680092327296734,0.9991216512955643,2.478442907333374,0.6631393298059964
527,527,4,1,0.01665281504392624,0.9995608256477821,2.4768059253692627,0.6631393298059964
528,528,4,1,0.016508763656020164,0.9995608256477821,2.4775359630584717,0.6631393298059964
529,529,4,1,0.01636425033211708,0.9995608256477821,2.4790518283843994,0.6631393298059964
530,530,4,1,0.016221215948462486,0.9995608256477821,2.477973222732544,0.6649029982363316
531,531,4,1,0.016078881919384003,0.9995608256477821,2.477443218231201,0.6631393298059964
532,532,4,1,0.015937047079205513,0.9995608256477821,2.477102518081665,0.6631393298059964
533,533,4,1,0.01579645834863186,0.9995608256477821,2.477008581161499,0.6649029982363316
534,534,4,1,0.015659987926483154,0.9995608256477821,2.4781298637390137,0.6631393298059964
535,535,4,1,0.015522653236985207,0.9995608256477821,2.476245403289795,0.6649029982363316
536,536,4,1,0.015383747406303883,0.9995608256477821,2.476029872894287,0.6631393298059964
537,537,4,1,0.015248734503984451,0.9995608256477821,2.4773473739624023,0.6631393298059964
538,538,4,1,0.015116297639906406,0.9995608256477821,2.4762611389160156,0.6649029982363316
539,539,4,1,0.014982963912189007,0.9995608256477821,2.475919723510742,0.6631393298059964
540,540,4,1,0.014849244616925716,0.9995608256477821,2.47542142868042,0.6631393298059964
541,541,4,1,0.014719301834702492,1.0,2.4745426177978516,0.6649029982363316
542,542,4,1,0.01459047943353653,1.0,2.4755046367645264,0.6649029982363316
543,543,4,1,0.014461515471339226,1.0,2.4746029376983643,0.6649029982363316
544,544,4,1,0.014333529397845268,1.0,2.473722457885742,0.6649029982363316
545,545,4,1,0.01420928817242384,1.0,2.474395513534546,0.6649029982363316
546,546,4,1,0.014084969647228718,1.0,2.473902702331543,0.6649029982363316
547,547,4,1,0.013961220160126686,1.0,2.473144292831421,0.6649029982363316
548,548,4,1,0.013838973827660084,1.0,2.4727139472961426,0.6649029982363316
549,549,4,1,0.01371912844479084,1.0,2.4722132682800293,0.6649029982363316
550,550,4,1,0.013600481674075127,1.0,2.472717761993408,0.6649029982363316
551,551,4,1,0.013483182527124882,1.0,2.4716684818267822,0.6649029982363316
552,552,4,1,0.013365528546273708,1.0,2.4715161323547363,0.6649029982363316
553,553,4,1,0.01325079333037138,1.0,2.4721570014953613,0.6649029982363316
554,554,4,1,0.013135775923728943,1.0,2.47147798538208,0.6649029982363316
555,555,4,1,0.013022519648075104,1.0,2.471082925796509,0.6649029982363316
556,556,4,1,0.012911411002278328,1.0,2.471130609512329,0.6649029982363316
557,557,4,1,0.012799953110516071,1.0,2.4707531929016113,0.6649029982363316
558,558,4,1,0.012687062844634056,1.0,2.470005989074707,0.6649029982363316
559,559,4,1,0.012579608708620071,1.0,2.470240592956543,0.6649029982363316
560,560,4,1,0.012472746893763542,1.0,2.4702155590057373,0.6649029982363316
561,561,4,1,0.012362862005829811,1.0,2.4687719345092773,0.6649029982363316
562,562,4,1,0.012255736626684666,1.0,2.4697065353393555,0.6649029982363316
563,563,4,1,0.012150643393397331,1.0,2.4690163135528564,0.6649029982363316
564,564,4,1,0.012046280317008495,1.0,2.4689292907714844,0.6649029982363316
565,565,4,1,0.011942528188228607,1.0,2.4691572189331055,0.6649029982363316
566,566,4,1,0.0118402149528265,1.0,2.467738389968872,0.6649029982363316
567,567,4,1,0.011737658642232418,1.0,2.4683103561401367,0.6649029982363316
568,568,4,1,0.011638139374554157,1.0,2.4677586555480957,0.6649029982363316
569,569,4,1,0.011538292281329632,1.0,2.46746563911438,0.6649029982363316
570,570,4,1,0.011442288756370544,1.0,2.4678122997283936,0.6649029982363316
571,571,4,1,0.011344206519424915,1.0,2.466327428817749,0.6649029982363316
572,572,4,1,0.011245367117226124,1.0,2.46627140045166,0.6649029982363316
573,573,4,1,0.01114979200065136,1.0,2.466857671737671,0.6649029982363316
574,574,4,1,0.01105552352964878,1.0,2.4656031131744385,0.6649029982363316
575,575,4,1,0.010963383130729198,1.0,2.4663891792297363,0.6649029982363316
576,576,4,1,0.01086901780217886,1.0,2.4658737182617188,0.6649029982363316
577,577,4,1,0.01077676098793745,1.0,2.4656240940093994,0.6649029982363316
578,578,4,1,0.010687092319130898,1.0,2.4656260013580322,0.6649029982363316
579,579,4,1,0.010604864917695522,1.0,2.4652798175811768,0.6649029982363316
580,580,4,1,0.010518452152609825,1.0,2.4655802249908447,0.6649029982363316
581,581,4,1,0.010421047918498516,1.0,2.4645650386810303,0.6649029982363316
582,582,4,1,0.01034220028668642,1.0,2.4644668102264404,0.6649029982363316
583,583,4,1,0.010261664167046547,1.0,2.4648663997650146,0.6649029982363316
584,584,4,1,0.01016196608543396,1.0,2.464634418487549,0.6649029982363316
585,585,4,1,0.010092073120176792,1.0,2.4647316932678223,0.6649029982363316
586,586,4,1,0.010001777671277523,1.0,2.463996171951294,0.6649029982363316
587,587,4,1,0.009914430789649487,1.0,2.4626386165618896,0.6649029982363316
588,588,4,1,0.009845384396612644,1.0,2.4645776748657227,0.6649029982363316
589,589,4,1,0.009747087024152279,1.0,2.464698314666748,0.6649029982363316
590,590,4,1,0.009665931575000286,1.0,2.4618566036224365,0.6649029982363316
591,591,4,1,0.00958984810858965,1.0,2.463359832763672,0.6649029982363316
592,592,4,1,0.009499266743659973,1.0,2.4644317626953125,0.6649029982363316
593,593,4,1,0.009427829645574093,1.0,2.461858034133911,0.6649029982363316
594,594,4,1,0.009345491416752338,1.0,2.462465524673462,0.6649029982363316
595,595,4,1,0.009262408129870892,1.0,2.4626340866088867,0.6649029982363316
596,596,4,1,0.00918966718018055,1.0,2.4609241485595703,0.6649029982363316
597,597,4,1,0.00911170244216919,1.0,2.461707353591919,0.6649029982363316
598,598,4,1,0.00903377402573824,1.0,2.46201229095459,0.6649029982363316
599,599,4,1,0.00896201841533184,1.0,2.4612550735473633,0.6649029982363316
600,600,4,1,0.008883155882358551,1.0,2.4602267742156982,0.6649029982363316
601,601,4,1,0.008810974657535553,1.0,2.4594032764434814,0.6649029982363316
602,602,4,1,0.008741902187466621,1.0,2.4604599475860596,0.6649029982363316
603,603,4,1,0.008664626628160477,1.0,2.459637403488159,0.6649029982363316
604,604,4,1,0.008592801168560982,1.0,2.4598228931427,0.6649029982363316
605,605,4,1,0.008522477932274342,1.0,2.4600348472595215,0.6649029982363316
606,606,4,1,0.008451629430055618,1.0,2.4585368633270264,0.6649029982363316
607,607,4,1,0.008383767679333687,1.0,2.4605517387390137,0.6649029982363316
608,608,4,1,0.008317291736602783,1.0,2.4590389728546143,0.6649029982363316
609,609,4,1,0.008243407122790813,1.0,2.458218574523926,0.6649029982363316
610,610,4,1,0.00817584153264761,1.0,2.4595937728881836,0.6649029982363316
611,611,4,1,0.008109682239592075,1.0,2.4584617614746094,0.6649029982363316
612,612,4,1,0.008043193258345127,1.0,2.459247589111328,0.6649029982363316
613,613,4,1,0.007975048385560513,1.0,2.4587149620056152,0.6666666666666666
614,614,4,1,0.00790924672037363,1.0,2.457726240158081,0.6666666666666666
615,615,4,1,0.007846551947295666,1.0,2.4589641094207764,0.6666666666666666
616,616,4,1,0.007785271853208542,1.0,2.4574356079101562,0.6666666666666666
617,617,4,1,0.007720652502030134,1.0,2.457685947418213,0.6666666666666666
618,618,4,1,0.00765902828425169,1.0,2.457634449005127,0.6666666666666666
619,619,4,1,0.007596205919981003,1.0,2.4565494060516357,0.6666666666666666
620,620,4,1,0.007535954471677542,1.0,2.457461357116699,0.6666666666666666
621,621,4,1,0.007474216632544994,1.0,2.456383466720581,0.6701940035273368
622,622,4,1,0.007412575650960207,1.0,2.4563241004943848,0.6701940035273368
623,623,4,1,0.007352822460234165,1.0,2.4571897983551025,0.6701940035273368
624,624,4,1,0.007293337490409613,1.0,2.4561338424682617,0.6701940035273368
625,625,4,1,0.007234435528516769,1.0,2.455955982208252,0.6701940035273368
626,626,4,1,0.007176678627729416,1.0,2.4556868076324463,0.6701940035273368
627,627,4,1,0.0071189249865710735,1.0,2.457099199295044,0.6701940035273368
628,628,4,1,0.007062647026032209,1.0,2.4557876586914062,0.6701940035273368
629,629,4,1,0.00700688362121582,1.0,2.4556477069854736,0.6701940035273368
630,630,4,1,0.006950673181563616,1.0,2.455644369125366,0.6701940035273368
631,631,4,1,0.006893970537930727,1.0,2.4554221630096436,0.6701940035273368
632,632,4,1,0.006840454414486885,1.0,2.4559524059295654,0.6701940035273368
633,633,4,1,0.006786168087273836,1.0,2.454451322555542,0.6701940035273368
634,634,4,1,0.00673460029065609,1.0,2.45560884475708,0.6701940035273368
635,635,4,1,0.0066858986392617226,1.0,2.4539198875427246,0.6701940035273368
636,636,4,1,0.00662569422274828,1.0,2.453254222869873,0.6701940035273368
637,637,4,1,0.00657398346811533,1.0,2.45536470413208,0.6701940035273368
638,638,4,1,0.0065288180485367775,1.0,2.4533610343933105,0.6701940035273368
639,639,4,1,0.006470842286944389,1.0,2.4527266025543213,0.6701940035273368
640,640,4,1,0.0064191557466983795,1.0,2.453660249710083,0.6701940035273368
641,641,4,1,0.006376178003847599,1.0,2.4522974491119385,0.6701940035273368
642,642,4,1,0.006319158244878054,1.0,2.4532973766326904,0.6701940035273368
643,643,4,1,0.006270391400903463,1.0,2.453964948654175,0.6701940035273368
644,644,4,1,0.006226290483027697,1.0,2.4519410133361816,0.6701940035273368
645,645,4,1,0.006172671914100647,1.0,2.4530253410339355,0.6701940035273368
646,646,4,1,0.00612963130697608,1.0,2.4535253047943115,0.6701940035273368
647,647,4,1,0.0060848514549434185,1.0,2.4519307613372803,0.6684303350970018
648,648,4,1,0.006029563490301371,1.0,2.452491044998169,0.6684303350970018
649,649,4,1,0.005991131067276001,1.0,2.45263409614563,0.6684303350970018
650,650,4,1,0.005939392372965813,1.0,2.4508349895477295,0.6684303350970018
651,651,4,1,0.00588908139616251,1.0,2.451200246810913,0.6684303350970018
652,652,4,1,0.005850958172231913,1.0,2.4524896144866943,0.6684303350970018
653,653,4,1,0.0057996716350317,1.0,2.4522392749786377,0.6684303350970018
654,654,4,1,0.005754541140049696,1.0,2.449662685394287,0.6684303350970018
655,655,4,1,0.005712755024433136,1.0,2.4515955448150635,0.6684303350970018
656,656,4,1,0.005661694332957268,1.0,2.4529714584350586,0.6684303350970018
657,657,4,1,0.005622797179967165,1.0,2.4500832557678223,0.6684303350970018
658,658,4,1,0.005579879507422447,1.0,2.4511468410491943,0.6684303350970018
659,659,4,1,0.005530057940632105,1.0,2.452061653137207,0.6684303350970018
660,660,4,1,0.005491910967975855,1.0,2.4503555297851562,0.6684303350970018
661,661,4,1,0.005447555799037218,1.0,2.4512691497802734,0.6684303350970018
662,662,4,1,0.00540393590927124,1.0,2.451637029647827,0.6684303350970018
663,663,4,1,0.005365416407585144,1.0,2.4501140117645264,0.6684303350970018
664,664,4,1,0.005321105942130089,1.0,2.450076103210449,0.6684303350970018
665,665,4,1,0.005280621349811554,1.0,2.4511468410491943,0.6684303350970018
666,666,4,1,0.005241810344159603,1.0,2.4505867958068848,0.6684303350970018
667,667,4,1,0.005201201420277357,1.0,2.4490244388580322,0.6684303350970018
668,668,4,1,0.00516322860494256,1.0,2.449856996536255,0.6684303350970018
669,669,4,1,0.005121368914842606,1.0,2.4501781463623047,0.6684303350970018
670,670,4,1,0.0050836363807320595,1.0,2.4492530822753906,0.6684303350970018
671,671,4,1,0.005047122947871685,1.0,2.4488415718078613,0.6684303350970018
672,672,4,1,0.005005694925785065,1.0,2.4494452476501465,0.6684303350970018
673,673,4,1,0.004970694426447153,1.0,2.4484658241271973,0.6684303350970018
674,674,4,1,0.004932553973048925,1.0,2.447944402694702,0.6684303350970018
675,675,4,1,0.004893242381513119,1.0,2.449655294418335,0.6684303350970018
676,676,4,1,0.004856322892010212,1.0,2.448939800262451,0.6684303350970018
677,677,4,1,0.004820520523935556,1.0,2.447739601135254,0.6684303350970018
678,678,4,1,0.004783881362527609,1.0,2.449030637741089,0.6684303350970018
679,679,4,1,0.004747099243104458,1.0,2.4488863945007324,0.6684303350970018
680,680,4,1,0.004712446127086878,1.0,2.448951482772827,0.6684303350970018
681,681,4,1,0.004676188807934523,1.0,2.448026657104492,0.6684303350970018
682,682,4,1,0.004641097038984299,1.0,2.4483611583709717,0.6684303350970018
683,683,4,1,0.0046048853546381,1.0,2.447481870651245,0.6684303350970018
684,684,4,1,0.004570226650685072,1.0,2.4480249881744385,0.6684303350970018
685,685,4,1,0.004535294137895107,1.0,2.4484379291534424,0.6684303350970018
686,686,4,1,0.004501646384596825,1.0,2.447589635848999,0.6684303350970018
687,687,4,1,0.0044678254052996635,1.0,2.446910858154297,0.6701940035273368
688,688,4,1,0.00443501491099596,1.0,2.4476778507232666,0.6684303350970018
689,689,4,1,0.004403214436024427,1.0,2.4468419551849365,0.6684303350970018
690,690,4,1,0.004372711759060621,1.0,2.448049306869507,0.6701940035273368
691,691,4,1,0.004340049810707569,1.0,2.446324348449707,0.6684303350970018
692,692,4,1,0.004307454917579889,1.0,2.4470512866973877,0.6701940035273368
693,693,4,1,0.004274473991245031,1.0,2.4465606212615967,0.6684303350970018
694,694,4,1,0.004241017624735832,1.0,2.4458868503570557,0.671957671957672
695,695,4,1,0.004210517276078463,1.0,2.446723699569702,0.671957671957672
696,696,4,1,0.0041842153295874596,1.0,2.444607973098755,0.671957671957672
697,697,4,1,0.004157352261245251,1.0,2.4469056129455566,0.671957671957672
698,698,4,1,0.0041222237050533295,1.0,2.445363998413086,0.671957671957672
699,699,4,1,0.004087516572326422,1.0,2.444972515106201,0.671957671957672
700,700,4,1,0.004060677718371153,1.0,2.4469821453094482,0.671957671957672
701,701,4,1,0.004037976730614901,1.0,2.443998098373413,0.671957671957672
702,702,4,1,0.004005892667919397,1.0,2.4453790187835693,0.671957671957672
703,703,4,1,0.003975046798586845,1.0,2.445296287536621,0.671957671957672
704,704,4,1,0.003943087998777628,1.0,2.444490909576416,0.671957671957672
705,705,4,1,0.003913911059498787,1.0,2.445744752883911,0.671957671957672
706,706,4,1,0.0038898298516869545,1.0,2.4437484741210938,0.671957671957672
707,707,4,1,0.0038615132216364145,1.0,2.4445950984954834,0.671957671957672
708,708,4,1,0.003829955356195569,1.0,2.4435534477233887,0.671957671957672
709,709,4,1,0.0038000710774213076,1.0,2.44354248046875,0.671957671957672
710,710,4,1,0.0037732739001512527,1.0,2.4441096782684326,0.671957671957672
711,711,4,1,0.0037493358831852674,1.0,2.4431445598602295,0.671957671957672
712,712,4,1,0.003720673965290189,1.0,2.442775249481201,0.671957671957672
713,713,4,1,0.0036913722287863493,1.0,2.443629503250122,0.671957671957672
714,714,4,1,0.0036664071958512068,1.0,2.443049669265747,0.671957671957672
715,715,4,1,0.003641641465947032,1.0,2.4432506561279297,0.671957671957672
716,716,4,1,0.0036184166092425585,1.0,2.442383050918579,0.671957671957672
717,717,4,1,0.0035904604010283947,1.0,2.4439358711242676,0.671957671957672
718,718,4,1,0.003566795028746128,1.0,2.4419705867767334,0.671957671957672
719,719,4,1,0.0035416793543845415,1.0,2.4420359134674072,0.671957671957672
720,720,4,1,0.0035121466498821974,1.0,2.44309139251709,0.671957671957672
721,721,4,1,0.0034888165537267923,1.0,2.4423375129699707,0.671957671957672
722,722,4,1,0.0034656624775379896,1.0,2.442333698272705,0.671957671957672
723,723,4,1,0.0034409118816256523,1.0,2.4411113262176514,0.671957671957672
724,724,4,1,0.003416679333895445,1.0,2.4425339698791504,0.671957671957672
725,725,4,1,0.003392215585336089,1.0,2.4410438537597656,0.671957671957672
726,726,4,1,0.0033658461179584265,1.0,2.4409091472625732,0.671957671957672
727,727,4,1,0.0033405707217752934,1.0,2.441528558731079,0.671957671957672
728,728,4,1,0.0033182702027261257,1.0,2.4415132999420166,0.671957671957672
729,729,4,1,0.0032934986520558596,1.0,2.4407639503479004,0.671957671957672
730,730,4,1,0.003270291956141591,1.0,2.4403233528137207,0.671957671957672
731,731,4,1,0.0032475015614181757,1.0,2.4403750896453857,0.671957671957672
732,732,4,1,0.0032235700637102127,1.0,2.439892292022705,0.671957671957672
733,733,4,1,0.0032005393877625465,1.0,2.4403886795043945,0.671957671957672
734,734,4,1,0.00317761511541903,1.0,2.4397926330566406,0.671957671957672
735,735,4,1,0.0031569667626172304,1.0,2.4397575855255127,0.671957671957672
736,736,4,1,0.003136086044833064,1.0,2.4387028217315674,0.671957671957672
737,737,4,1,0.003113715210929513,1.0,2.441215753555298,0.6701940035273368
738,738,4,1,0.003091625403612852,1.0,2.4393198490142822,0.671957671957672
739,739,4,1,0.0030682396609336138,1.0,2.4386794567108154,0.671957671957672
740,740,4,1,0.003046691417694092,1.0,2.4388070106506348,0.671957671957672
741,741,4,1,0.0030249592382460833,1.0,2.4394538402557373,0.6701940035273368
742,742,4,1,0.003004698781296611,1.0,2.438506841659546,0.671957671957672
743,743,4,1,0.0029827309772372246,1.0,2.438873767852783,0.6701940035273368
744,744,4,1,0.0029613736551254988,1.0,2.4389491081237793,0.6701940035273368
745,745,4,1,0.0029412321746349335,1.0,2.4378068447113037,0.671957671957672
746,746,4,1,0.002923281630501151,1.0,2.438403367996216,0.6701940035273368
747,747,4,1,0.0029022940434515476,1.0,2.437394618988037,0.6701940035273368
748,748,4,1,0.0028803986497223377,1.0,2.4380710124969482,0.6701940035273368
749,749,4,1,0.0028611100278794765,1.0,2.4376473426818848,0.6701940035273368
750,750,4,1,0.002842488931491971,1.0,2.4369916915893555,0.6684303350970018
751,751,4,1,0.002820823108777404,1.0,2.436918258666992,0.6684303350970018
752,752,4,1,0.002801600145176053,1.0,2.436448574066162,0.671957671957672
753,753,4,1,0.002783318981528282,1.0,2.437385320663452,0.6701940035273368
754,754,4,1,0.0027664972003549337,1.0,2.4355649948120117,0.6701940035273368
755,755,4,1,0.0027485950849950314,1.0,2.4372637271881104,0.6684303350970018
756,756,4,1,0.002730273874476552,1.0,2.4356048107147217,0.6701940035273368
757,757,4,1,0.0027111100498586893,1.0,2.4361045360565186,0.6701940035273368
758,758,4,1,0.002689230954274535,1.0,2.434753179550171,0.6701940035273368
759,759,4,1,0.0026687311474233866,1.0,2.4347825050354004,0.6701940035273368
760,760,4,1,0.0026514760684221983,1.0,2.436352252960205,0.6684303350970018
761,761,4,1,0.0026368515100330114,1.0,2.4342541694641113,0.6701940035273368
762,762,4,1,0.0026205750182271004,1.0,2.4363460540771484,0.6701940035273368
763,763,4,1,0.002601096872240305,1.0,2.4350779056549072,0.6701940035273368
764,764,4,1,0.0025827805511653423,1.0,2.4348387718200684,0.671957671957672
765,765,4,1,0.002564698224887252,1.0,2.4341304302215576,0.671957671957672
766,766,4,1,0.0025435714051127434,1.0,2.4349770545959473,0.671957671957672
767,767,4,1,0.002526357537135482,1.0,2.434959650039673,0.671957671957672
768,768,4,1,0.0025093313306570053,1.0,2.4335548877716064,0.671957671957672
769,769,4,1,0.002494601998478174,1.0,2.434796094894409,0.6701940035273368
770,770,4,1,0.0024795234203338623,1.0,2.433762311935425,0.671957671957672
771,771,4,1,0.002459330949932337,1.0,2.4344677925109863,0.671957671957672
772,772,4,1,0.002443683799356222,1.0,2.4336905479431152,0.671957671957672
773,773,4,1,0.0024250352289527655,1.0,2.4338808059692383,0.6701940035273368
774,774,4,1,0.002407640917226672,1.0,2.4332735538482666,0.6701940035273368
775,775,4,1,0.002394740004092455,1.0,2.4327008724212646,0.671957671957672
776,776,4,1,0.0023798129986971617,1.0,2.435251474380493,0.6701940035273368
777,777,4,1,0.0023665400221943855,1.0,2.431903839111328,0.671957671957672
778,778,4,1,0.0023518793750554323,1.0,2.433217763900757,0.6701940035273368
779,779,4,1,0.002332058036699891,1.0,2.4329209327697754,0.6701940035273368
780,780,4,1,0.00231257826089859,1.0,2.4333746433258057,0.6701940035273368
781,781,4,1,0.0022955825552344322,1.0,2.432117462158203,0.6701940035273368
782,782,4,1,0.0022810716181993484,1.0,2.432807683944702,0.6701940035273368
783,783,4,1,0.0022659299429506063,1.0,2.43314266204834,0.6701940035273368
784,784,4,1,0.0022504697553813457,1.0,2.431299924850464,0.671957671957672
785,785,4,1,0.002237595384940505,1.0,2.4334473609924316,0.6701940035273368
786,786,4,1,0.0022237265948206186,1.0,2.431114912033081,0.6701940035273368
787,787,4,1,0.0022075765300542116,1.0,2.431817054748535,0.6701940035273368
788,788,4,1,0.0021923049353063107,1.0,2.431234836578369,0.6701940035273368
789,789,4,1,0.002175732050091028,1.0,2.4323675632476807,0.6701940035273368
790,790,4,1,0.0021592762786895037,1.0,2.4311347007751465,0.6701940035273368
791,791,4,1,0.002144413534551859,1.0,2.4309377670288086,0.6701940035273368
792,792,4,1,0.0021303158719092607,1.0,2.431614875793457,0.6701940035273368
793,793,4,1,0.0021200543269515038,1.0,2.430398464202881,0.6701940035273368
794,794,4,1,0.0021083997562527657,1.0,2.43188214302063,0.6701940035273368
795,795,4,1,0.002096746815368533,1.0,2.429593801498413,0.6701940035273368
796,796,4,1,0.0020822808146476746,1.0,2.4320876598358154,0.6701940035273368
797,797,4,1,0.002064719796180725,1.0,2.4304163455963135,0.6701940035273368
798,798,4,1,0.0020471427123993635,1.0,2.4302473068237305,0.6701940035273368
799,799,4,1,0.002033254597336054,1.0,2.431415557861328,0.6701940035273368
800,800,4,1,0.0020269842352718115,1.0,2.42824125289917,0.6701940035273368
801,801,4,1,0.002016589278355241,1.0,2.4315590858459473,0.6701940035273368
802,802,4,1,0.002002613851800561,1.0,2.4297029972076416,0.6701940035273368
803,803,4,1,0.0019891648553311825,1.0,2.4293174743652344,0.6701940035273368
804,804,4,1,0.0019720031414180994,1.0,2.4294791221618652,0.6701940035273368
805,805,4,1,0.0019527495605871081,1.0,2.42962908744812,0.6701940035273368
806,806,4,1,0.0019441497279331088,1.0,2.430079221725464,0.6701940035273368
807,807,4,1,0.0019372532842680812,1.0,2.428683280944824,0.6701940035273368
808,808,4,1,0.0019240728579461575,1.0,2.430649757385254,0.6701940035273368
809,809,4,1,0.0019129470456391573,1.0,2.4280221462249756,0.6701940035273368
810,810,4,1,0.0018978473963215947,1.0,2.4301209449768066,0.6701940035273368
811,811,4,1,0.001881907694041729,1.0,2.4283578395843506,0.6701940035273368
812,812,4,1,0.0018670058343559504,1.0,2.4280495643615723,0.6701940035273368
813,813,4,1,0.0018541642930358648,1.0,2.429215669631958,0.6701940035273368
814,814,4,1,0.001840668497607112,1.0,2.428278923034668,0.6701940035273368
815,815,4,1,0.0018282438395544887,1.0,2.427412986755371,0.6701940035273368
816,816,4,1,0.0018176535377278924,1.0,2.4283180236816406,0.6701940035273368
817,817,4,1,0.0018052802188321948,1.0,2.428715467453003,0.6701940035273368
818,818,4,1,0.0017953950446099043,1.0,2.4266371726989746,0.6701940035273368
819,819,4,1,0.0017836737679317594,1.0,2.428128719329834,0.6701940035273368
820,820,4,1,0.0017723487690091133,1.0,2.4279937744140625,0.6701940035273368
821,821,4,1,0.001762130530551076,1.0,2.428400993347168,0.671957671957672
822,822,4,1,0.0017519521061331034,1.0,2.4262642860412598,0.673721340388007
823,823,4,1,0.0017409174470230937,1.0,2.4281561374664307,0.671957671957672
824,824,4,1,0.0017301746411249042,1.0,2.4268243312835693,0.671957671957672
825,825,4,1,0.0017186339246109128,1.0,2.4270565509796143,0.671957671957672
826,826,4,1,0.0017065164865925908,1.0,2.426656484603882,0.671957671957672
827,827,4,1,0.0016948087140917778,1.0,2.4284913539886475,0.671957671957672
828,828,4,1,0.0016835331916809082,1.0,2.425982713699341,0.673721340388007
829,829,4,1,0.001671754289418459,1.0,2.42692232131958,0.671957671957672
830,830,4,1,0.0016588805010542274,1.0,2.4271793365478516,0.671957671957672
831,831,4,1,0.0016485053347423673,1.0,2.4260709285736084,0.671957671957672
832,832,4,1,0.0016378670698031783,1.0,2.426107168197632,0.671957671957672
833,833,4,1,0.0016270347405225039,1.0,2.4263432025909424,0.671957671957672
834,834,4,1,0.001617013942450285,1.0,2.4261202812194824,0.671957671957672
835,835,4,1,0.0016064125811681151,1.0,2.4262516498565674,0.671957671957672
836,836,4,1,0.0015960839809849858,1.0,2.426426410675049,0.671957671957672
837,837,4,1,0.0015866011381149292,1.0,2.425870656967163,0.671957671957672
838,838,4,1,0.0015766893047839403,1.0,2.425044298171997,0.673721340388007
839,839,4,1,0.0015673715388402343,1.0,2.4265007972717285,0.671957671957672
840,840,4,1,0.0015586822992190719,1.0,2.42468523979187,0.673721340388007
841,841,4,1,0.0015491647645831108,1.0,2.426068067550659,0.671957671957672
842,842,4,1,0.001543594291433692,1.0,2.424823760986328,0.673721340388007
843,843,4,1,0.0015401581767946482,1.0,2.425949811935425,0.671957671957672
844,844,4,1,0.0015337064396589994,1.0,2.4228334426879883,0.673721340388007
845,845,4,1,0.0015253524761646986,1.0,2.426896095275879,0.671957671957672
846,846,4,1,0.0015146011719480157,1.0,2.4232094287872314,0.673721340388007
847,847,4,1,0.0014973731013014913,1.0,2.4249584674835205,0.671957671957672
848,848,4,1,0.0014817110495641828,1.0,2.424680233001709,0.671957671957672
849,849,4,1,0.0014720687177032232,1.0,2.4233272075653076,0.673721340388007
850,850,4,1,0.0014635424595326185,1.0,2.424708127975464,0.671957671957672
851,851,4,1,0.0014517827657982707,1.0,2.4236629009246826,0.673721340388007
852,852,4,1,0.0014463472180068493,1.0,2.4241445064544678,0.671957671957672
853,853,4,1,0.001441463129594922,1.0,2.4230847358703613,0.673721340388007
854,854,4,1,0.001432531513273716,1.0,2.4249267578125,0.671957671957672
855,855,4,1,0.0014251217944547534,1.0,2.421992540359497,0.673721340388007
856,856,4,1,0.0014160836581140757,1.0,2.425283670425415,0.671957671957672
857,857,4,1,0.0014042528346180916,1.0,2.422523021697998,0.673721340388007
858,858,4,1,0.001391002326272428,1.0,2.42280650138855,0.673721340388007
859,859,4,1,0.0013816124992445111,1.0,2.4234070777893066,0.673721340388007
860,860,4,1,0.0013712358195334673,1.0,2.423128604888916,0.673721340388007
861,861,4,1,0.0013604190899059176,1.0,2.4227375984191895,0.673721340388007
862,862,4,1,0.0013523761881515384,1.0,2.4229061603546143,0.673721340388007
863,863,4,1,0.001345415017567575,1.0,2.4225285053253174,0.673721340388007
864,864,4,1,0.0013388566439971328,1.0,2.4208619594573975,0.673721340388007
865,865,4,1,0.0013341596350073814,1.0,2.424513339996338,0.671957671957672
866,866,4,1,0.0013311355141922832,1.0,2.420912981033325,0.673721340388007
867,867,4,1,0.00132426165509969,1.0,2.4233431816101074,0.671957671957672
868,868,4,1,0.0013193709310144186,1.0,2.4210891723632812,0.673721340388007
869,869,4,1,0.0013124196557328105,1.0,2.4234423637390137,0.671957671957672
870,870,4,1,0.0013022596249356866,1.0,2.420330286026001,0.673721340388007
871,871,4,1,0.001286564627662301,1.0,2.4226675033569336,0.671957671957672
872,872,4,1,0.0012749440502375364,1.0,2.4207117557525635,0.673721340388007
873,873,4,1,0.0012621425557881594,1.0,2.4223759174346924,0.673721340388007
874,874,4,1,0.0012516938149929047,1.0,2.422178268432617,0.673721340388007
875,875,4,1,0.0012441904982551932,1.0,2.4202027320861816,0.673721340388007
876,876,4,1,0.001238559139892459,1.0,2.4227945804595947,0.671957671957672
877,877,4,1,0.0012334727216511965,1.0,2.421036958694458,0.673721340388007
878,878,4,1,0.001233187154866755,1.0,2.422746419906616,0.671957671957672
879,879,4,1,0.0012348071904852986,1.0,2.419048309326172,0.673721340388007
880,880,4,1,0.001228895504027605,1.0,2.4228129386901855,0.671957671957672
881,881,4,1,0.0012208072002977133,1.0,2.418826103210449,0.673721340388007
882,882,4,1,0.0012066353810951114,1.0,2.4221713542938232,0.671957671957672
883,883,4,1,0.0011920155957341194,1.0,2.420410633087158,0.673721340388007
884,884,4,1,0.0011775013990700245,1.0,2.4208388328552246,0.673721340388007
885,885,4,1,0.0011674592969939113,1.0,2.4212348461151123,0.671957671957672
886,886,4,1,0.0011605635518208146,1.0,2.419861078262329,0.673721340388007
887,887,4,1,0.0011549786431714892,1.0,2.4221105575561523,0.673721340388007
888,888,4,1,0.001151261036284268,1.0,2.4196910858154297,0.673721340388007
889,889,4,1,0.0011481627589091659,1.0,2.420698881149292,0.671957671957672
890,890,4,1,0.0011471505276858807,1.0,2.418440580368042,0.673721340388007
891,891,4,1,0.0011415882036089897,1.0,2.4224607944488525,0.671957671957672
892,892,4,1,0.001136975595727563,1.0,2.4177777767181396,0.673721340388007
893,893,4,1,0.0011258773738518357,1.0,2.4206252098083496,0.671957671957672
894,894,4,1,0.001112180994823575,1.0,2.419016122817993,0.673721340388007
895,895,4,1,0.0010996849741786718,1.0,2.419367790222168,0.673721340388007
896,896,4,1,0.001088794320821762,1.0,2.4197514057159424,0.673721340388007
897,897,4,1,0.0010812110267579556,1.0,2.419569969177246,0.673721340388007
898,898,4,1,0.001077325432561338,1.0,2.42014479637146,0.673721340388007
899,899,4,1,0.0010750553337857127,1.0,2.4177842140197754,0.673721340388007
900,900,4,1,0.0010744137689471245,1.0,2.420978307723999,0.671957671957672
901,901,4,1,0.001076169079169631,1.0,2.4169466495513916,0.673721340388007
902,902,4,1,0.0010750789660960436,1.0,2.4210643768310547,0.671957671957672
903,903,4,1,0.0010708477348089218,1.0,2.4168856143951416,0.673721340388007
904,904,4,1,0.0010588067816570401,1.0,2.420170545578003,0.671957671957672
905,905,4,1,0.0010456042364239693,1.0,2.4173600673675537,0.673721340388007
906,906,4,1,0.0010311024961993098,1.0,2.4194765090942383,0.673721340388007
907,907,4,1,0.0010193543275818229,1.0,2.41847825050354,0.673721340388007
908,908,4,1,0.0010090352734550834,1.0,2.4180495738983154,0.673721340388007
909,909,4,1,0.0010025700321421027,1.0,2.418628215789795,0.673721340388007
910,910,4,1,0.00099922064691782,1.0,2.4169700145721436,0.673721340388007
911,911,4,1,0.000996695482172072,1.0,2.419820785522461,0.671957671957672
912,912,4,1,0.0009953556582331657,1.0,2.4165797233581543,0.673721340388007
913,913,4,1,0.000994159490801394,1.0,2.4196431636810303,0.671957671957672
914,914,4,1,0.0009938252624124289,1.0,2.4164586067199707,0.673721340388007
915,915,4,1,0.0009912410750985146,1.0,2.4196839332580566,0.671957671957672
916,916,4,1,0.000987364212051034,1.0,2.4153592586517334,0.673721340388007
917,917,4,1,0.000979275326244533,1.0,2.419090747833252,0.671957671957672
918,918,4,1,0.000967637519352138,1.0,2.41573166847229,0.673721340388007
919,919,4,1,0.0009540453902445734,1.0,2.4181389808654785,0.673721340388007
920,920,4,1,0.0009426652686670423,1.0,2.4169774055480957,0.673721340388007
921,921,4,1,0.000932337308768183,1.0,2.4175057411193848,0.673721340388007
922,922,4,1,0.0009243075619451702,1.0,2.416978120803833,0.673721340388007
923,923,4,1,0.0009176621097140014,1.0,2.417083501815796,0.673721340388007
924,924,4,1,0.0009120911709032953,1.0,2.417053461074829,0.673721340388007
925,925,4,1,0.0009072845568880439,1.0,2.415536880493164,0.673721340388007
926,926,4,1,0.0009033212554641068,1.0,2.4170007705688477,0.673721340388007
927,927,4,1,0.0009005952160805464,1.0,2.4150655269622803,0.673721340388007
928,928,4,1,0.0008992577786557376,1.0,2.417269468307495,0.673721340388007
929,929,4,1,0.0008994726231321692,1.0,2.4141907691955566,0.673721340388007
930,930,4,1,0.0009020717116072774,1.0,2.418384313583374,0.671957671957672
931,931,4,1,0.0009044809266924858,1.0,2.4136292934417725,0.673721340388007
932,932,4,1,0.0009070417727343738,1.0,2.4180474281311035,0.671957671957672
933,933,4,1,0.000906239147298038,1.0,2.413693904876709,0.6754850088183422
934,934,4,1,0.0009014999377541244,1.0,2.418483257293701,0.671957671957672
935,935,4,1,0.0008886082214303315,1.0,2.4132306575775146,0.6754850088183422
936,936,4,1,0.0008725632796995342,1.0,2.416670560836792,0.673721340388007
937,937,4,1,0.0008548771729692817,1.0,2.4145009517669678,0.673721340388007
938,938,4,1,0.0008410957525484264,1.0,2.415294647216797,0.673721340388007
939,939,4,1,0.0008321235072799027,1.0,2.41524338722229,0.673721340388007
940,940,4,1,0.0008263624622486532,1.0,2.414039134979248,0.673721340388007
941,941,4,1,0.0008245878852903843,1.0,2.4158806800842285,0.673721340388007
942,942,4,1,0.0008254140266217291,1.0,2.413818359375,0.6754850088183422
943,943,4,1,0.0008283858769573271,1.0,2.417142152786255,0.673721340388007
944,944,4,1,0.0008318412583321333,1.0,2.4126105308532715,0.6754850088183422
945,945,4,1,0.0008363612578250468,1.0,2.4173245429992676,0.6701940035273368
946,946,4,1,0.000836732389871031,1.0,2.4122142791748047,0.6754850088183422
947,947,4,1,0.0008328816038556397,1.0,2.4166035652160645,0.671957671957672
948,948,4,1,0.000821840891148895,1.0,2.412663698196411,0.673721340388007
949,949,4,1,0.0008086001616902649,1.0,2.4161601066589355,0.671957671957672
950,950,4,1,0.0007932122680358589,1.0,2.4130468368530273,0.6754850088183422
951,951,4,1,0.0007799276500009,1.0,2.4146175384521484,0.673721340388007
952,952,4,1,0.0007694245432503521,1.0,2.414151906967163,0.673721340388007
953,953,4,1,0.0007624481804668903,1.0,2.4137685298919678,0.673721340388007
954,954,4,1,0.0007581136887893081,1.0,2.4144153594970703,0.673721340388007
955,955,4,1,0.00075666478369385,1.0,2.4125537872314453,0.6754850088183422
956,956,4,1,0.0007565876003354788,1.0,2.4148528575897217,0.673721340388007
957,957,4,1,0.0007593493792228401,1.0,2.4119982719421387,0.6754850088183422
958,958,4,1,0.0007619329262524843,1.0,2.415837526321411,0.671957671957672
959,959,4,1,0.0007656894158571959,1.0,2.411134719848633,0.6754850088183422
960,960,4,1,0.0007693726220168173,1.0,2.415834665298462,0.671957671957672
961,961,4,1,0.0007705508614890277,1.0,2.4108481407165527,0.6754850088183422
962,962,4,1,0.0007660696865059435,1.0,2.4155776500701904,0.671957671957672
963,963,4,1,0.0007549290894530714,1.0,2.4109675884246826,0.6754850088183422
964,964,4,1,0.000741280207876116,1.0,2.4144577980041504,0.671957671957672
965,965,4,1,0.0007256759563460946,1.0,2.4118897914886475,0.6754850088183422
966,966,4,1,0.0007131498423404992,1.0,2.413238763809204,0.671957671957672
967,967,4,1,0.0007025520317256451,1.0,2.412199020385742,0.673721340388007
968,968,4,1,0.0006962364423088729,1.0,2.4125919342041016,0.673721340388007
969,969,4,1,0.0006915128324180841,1.0,2.4132816791534424,0.671957671957672
970,970,4,1,0.0006889697979204357,1.0,2.4110565185546875,0.6754850088183422
971,971,4,1,0.0006875255494378507,1.0,2.413419246673584,0.671957671957672
972,972,4,1,0.0006875875988043845,1.0,2.411371946334839,0.6754850088183422
973,973,4,1,0.0006890020449645817,1.0,2.413703203201294,0.671957671957672
974,974,4,1,0.0006906596827320755,1.0,2.410170555114746,0.6754850088183422
975,975,4,1,0.0006948111113160849,1.0,2.4146852493286133,0.671957671957672
976,976,4,1,0.0006991709233261645,1.0,2.4095687866210938,0.6754850088183422
977,977,4,1,0.0007039206684567034,1.0,2.414485216140747,0.671957671957672
978,978,4,1,0.0007061295909807086,1.0,2.4090206623077393,0.6754850088183422
979,979,4,1,0.000702235265634954,1.0,2.4142141342163086,0.671957671957672
980,980,4,1,0.0006948407972231507,1.0,2.409034252166748,0.6754850088183422
981,981,4,1,0.0006824259180575609,1.0,2.4135563373565674,0.671957671957672
982,982,4,1,0.0006651458679698408,1.0,2.409794330596924,0.6754850088183422
983,983,4,1,0.000648931076284498,1.0,2.4116759300231934,0.671957671957672
984,984,4,1,0.0006362173007801175,1.0,2.410388231277466,0.673721340388007
985,985,4,1,0.0006280349334701896,1.0,2.4106040000915527,0.673721340388007
986,986,4,1,0.0006236255285330117,1.0,2.4115288257598877,0.673721340388007
987,987,4,1,0.0006219575298018754,1.0,2.4098238945007324,0.6754850088183422
988,988,4,1,0.0006231409497559071,1.0,2.4122204780578613,0.671957671957672
989,989,4,1,0.0006269475561566651,1.0,2.4091577529907227,0.6754850088183422
990,990,4,1,0.0006335104699246585,1.0,2.4125776290893555,0.671957671957672
991,991,4,1,0.0006417289259843528,1.0,2.4079878330230713,0.6754850088183422
992,992,4,1,0.0006486958591267467,1.0,2.4140877723693848,0.671957671957672
993,993,4,1,0.0006533383275382221,1.0,2.4075067043304443,0.6754850088183422
994,994,4,1,0.0006513554253615439,1.0,2.412917137145996,0.671957671957672
995,995,4,1,0.0006444543832913041,1.0,2.4082186222076416,0.6754850088183422
996,996,4,1,0.0006312725599855185,1.0,2.4123973846435547,0.671957671957672
997,997,4,1,0.000614235526882112,1.0,2.4079785346984863,0.6754850088183422
998,998,4,1,0.0005976313259452581,1.0,2.4109339714050293,0.673721340388007
999,999,4,1,0.0005839220248162746,1.0,2.409079074859619,0.673721340388007
1000,1000,4,1,0.0005746023962274194,1.0,2.409038543701172,0.673721340388007
1001,1001,4,1,0.0005697748274542391,1.0,2.4101569652557373,0.673721340388007
1002,1002,4,1,0.0005685523501597345,1.0,2.408686399459839,0.673721340388007
1003,1003,4,1,0.0005703355418518186,1.0,2.4109272956848145,0.673721340388007
1004,1004,4,1,0.0005744670052081347,1.0,2.4073493480682373,0.6754850088183422
1005,1005,4,1,0.0005810950533486903,1.0,2.411715030670166,0.673721340388007
1006,1006,4,1,0.0005907476879656315,1.0,2.407243490219116,0.6754850088183422
1007,1007,4,1,0.0005996169638819993,1.0,2.411597728729248,0.673721340388007
1008,1008,4,1,0.0006046543130651116,1.0,2.405827045440674,0.6754850088183422
1009,1009,4,1,0.0006017129635438323,1.0,2.4124011993408203,0.671957671957672
1010,1010,4,1,0.0005949397454969585,1.0,2.405569314956665,0.6754850088183422
1011,1011,4,1,0.0005799275240860879,1.0,2.4105188846588135,0.673721340388007
1012,1012,4,1,0.000563518435228616,1.0,2.408050060272217,0.673721340388007
1013,1013,4,1,0.000546781811863184,1.0,2.409219741821289,0.673721340388007
1014,1014,4,1,0.0005330698913894594,1.0,2.4075095653533936,0.673721340388007
1015,1015,4,1,0.0005249261157587171,1.0,2.408653974533081,0.673721340388007
1016,1016,4,1,0.0005214994889684021,1.0,2.4091074466705322,0.673721340388007
1017,1017,4,1,0.0005208120564930141,1.0,2.4068443775177,0.673721340388007
1018,1018,4,1,0.000523128779605031,1.0,2.4097719192504883,0.673721340388007
1019,1019,4,1,0.0005294140428304672,1.0,2.406093120574951,0.6754850088183422
1020,1020,4,1,0.0005371076986193657,1.0,2.410386562347412,0.673721340388007
1021,1021,4,1,0.000546298804692924,1.0,2.405299186706543,0.6754850088183422
1022,1022,4,1,0.0005534188239835203,1.0,2.4107587337493896,0.673721340388007
1023,1023,4,1,0.0005587484338320792,1.0,2.4045791625976562,0.6754850088183422
1024,1024,4,1,0.0005569986533373594,1.0,2.4103360176086426,0.673721340388007
1025,1025,4,1,0.0005504991277121007,1.0,2.404712200164795,0.6754850088183422
1026,1026,4,1,0.0005389255238696933,1.0,2.409749984741211,0.673721340388007
1027,1027,4,1,0.0005253012641333044,1.0,2.4052817821502686,0.673721340388007
1028,1028,4,1,0.0005082442658022046,1.0,2.4084649085998535,0.673721340388007
1029,1029,4,1,0.0004930212162435055,1.0,2.406467914581299,0.673721340388007
1030,1030,4,1,0.00048241662443615496,1.0,2.40737247467041,0.673721340388007
1031,1031,4,1,0.00047627362073399127,1.0,2.4073755741119385,0.673721340388007
1032,1032,4,1,0.0004741750890389085,1.0,2.406238317489624,0.673721340388007
1033,1033,4,1,0.00047507850104011595,1.0,2.4081082344055176,0.673721340388007
1034,1034,4,1,0.000479207985335961,1.0,2.405148506164551,0.673721340388007
1035,1035,4,1,0.0004856083542108536,1.0,2.409205436706543,0.673721340388007
1036,1036,4,1,0.0004954847390763462,1.0,2.404615640640259,0.673721340388007
1037,1037,4,1,0.0005074104410596192,1.0,2.409608840942383,0.673721340388007
1038,1038,4,1,0.0005182339227758348,1.0,2.403217077255249,0.6754850088183422
1039,1039,4,1,0.00052540103206411,1.0,2.409726858139038,0.673721340388007
1040,1040,4,1,0.0005299195763655007,1.0,2.4024665355682373,0.673721340388007
1041,1041,4,1,0.0005257802549749613,1.0,2.4091131687164307,0.673721340388007
1042,1042,4,1,0.000515318475663662,1.0,2.4036409854888916,0.673721340388007
1043,1043,4,1,0.0004997188225388527,1.0,2.4085984230041504,0.673721340388007
1044,1044,4,1,0.0004818742163479328,1.0,2.4040234088897705,0.673721340388007
1045,1045,4,1,0.0004628278547897935,1.0,2.4072630405426025,0.673721340388007
1046,1046,4,1,0.00044666804024018347,1.0,2.4049344062805176,0.673721340388007
1047,1047,4,1,0.0004358906880952418,1.0,2.405616044998169,0.673721340388007
1048,1048,4,1,0.00043040423770435154,1.0,2.4063026905059814,0.673721340388007
1049,1049,4,1,0.00042976049007847905,1.0,2.4043140411376953,0.673721340388007
1050,1050,4,1,0.00043281703256070614,1.0,2.4067611694335938,0.673721340388007
1051,1051,4,1,0.0004391004622448236,1.0,2.4034860134124756,0.673721340388007
1052,1052,4,1,0.0004471825959626585,1.0,2.4073379039764404,0.673721340388007
1053,1053,4,1,0.0004569173906929791,1.0,2.402533531188965,0.673721340388007
1054,1054,4,1,0.0004647635214496404,1.0,2.40801739692688,0.673721340388007
1055,1055,4,1,0.0004720186989288777,1.0,2.4018027782440186,0.673721340388007
1056,1056,4,1,0.0004741219454444945,1.0,2.4080758094787598,0.673721340388007
1057,1057,4,1,0.0004720986762549728,1.0,2.401690721511841,0.673721340388007
1058,1058,4,1,0.0004651740309782326,1.0,2.4075124263763428,0.673721340388007
1059,1059,4,1,0.00045475331717170775,1.0,2.4026236534118652,0.673721340388007
1060,1060,4,1,0.00044193031499162316,1.0,2.4064676761627197,0.673721340388007
1061,1061,4,1,0.0004267051990609616,1.0,2.4030377864837646,0.673721340388007
1062,1062,4,1,0.00041161393164657056,1.0,2.4058923721313477,0.673721340388007
1063,1063,4,1,0.0004003778158221394,1.0,2.4039807319641113,0.673721340388007
1064,1064,4,1,0.0003929533122573048,1.0,2.404367446899414,0.673721340388007
1065,1065,4,1,0.0003894039837177843,1.0,2.4052562713623047,0.673721340388007
1066,1066,4,1,0.0003887719940394163,1.0,2.403214931488037,0.673721340388007
1067,1067,4,1,0.0003900420560967177,1.0,2.405256748199463,0.673721340388007
1068,1068,4,1,0.0003930223756469786,1.0,2.4025204181671143,0.673721340388007
1069,1069,4,1,0.00039726714021526277,1.0,2.4053680896759033,0.673721340388007
1070,1070,4,1,0.000402962788939476,1.0,2.401865005493164,0.673721340388007
1071,1071,4,1,0.00040839429129846394,1.0,2.4062952995300293,0.673721340388007
1072,1072,4,1,0.00041466308175586164,1.0,2.400667667388916,0.6754850088183422
1073,1073,4,1,0.000421530450694263,1.0,2.4066357612609863,0.673721340388007
1074,1074,4,1,0.00042879668762907386,1.0,2.4005119800567627,0.6754850088183422
1075,1075,4,1,0.00043650830048136413,1.0,2.406672954559326,0.673721340388007
1076,1076,4,1,0.000444274686742574,1.0,2.400074005126953,0.6754850088183422
1077,1077,4,1,0.000449903542175889,1.0,2.406836986541748,0.673721340388007
1078,1078,4,1,0.00045207308721728623,1.0,2.399506092071533,0.6754850088183422
1079,1079,4,1,0.0004494166641961783,1.0,2.4066271781921387,0.673721340388007
1080,1080,4,1,0.0004406812658999115,1.0,2.3999319076538086,0.6754850088183422
1081,1081,4,1,0.0004247851902619004,1.0,2.4058010578155518,0.673721340388007
1082,1082,4,1,0.00040606883703731,1.0,2.4006102085113525,0.673721340388007
1083,1083,4,1,0.0003838453267235309,1.0,2.4044594764709473,0.673721340388007
1084,1084,4,1,0.00036354700569063425,1.0,2.402085781097412,0.673721340388007
1085,1085,4,1,0.0003499600279610604,1.0,2.40216064453125,0.673721340388007
1086,1086,4,1,0.0003449937212280929,1.0,2.403189182281494,0.673721340388007
1087,1087,4,1,0.00034710910404101014,1.0,2.4012362957000732,0.673721340388007
1088,1088,4,1,0.0003537782758940011,1.0,2.4040329456329346,0.673721340388007
1089,1089,4,1,0.0003625043900683522,1.0,2.4001312255859375,0.673721340388007
1090,1090,4,1,0.00037142407381907105,1.0,2.4048240184783936,0.673721340388007
1091,1091,4,1,0.00037984777009114623,1.0,2.3994412422180176,0.6754850088183422
1092,1092,4,1,0.0003847766784019768,1.0,2.405045986175537,0.673721340388007
1093,1093,4,1,0.00038833284634165466,1.0,2.399064064025879,0.6754850088183422
1094,1094,4,1,0.0003873356035910547,1.0,2.404764413833618,0.673721340388007
1095,1095,4,1,0.00038324593333527446,1.0,2.3994193077087402,0.6754850088183422
1096,1096,4,1,0.0003743323322851211,1.0,2.4043960571289062,0.673721340388007
1097,1097,4,1,0.00036338699283078313,1.0,2.4000072479248047,0.6754850088183422
1098,1098,4,1,0.00035070040030404925,1.0,2.4036614894866943,0.673721340388007
1099,1099,4,1,0.0003382916038390249,1.0,2.4005894660949707,0.673721340388007
1100,1100,4,1,0.00032777630258351564,1.0,2.402669906616211,0.673721340388007
1101,1101,4,1,0.0003195132303517312,1.0,2.4017627239227295,0.673721340388007
1102,1102,4,1,0.0003147086827084422,1.0,2.401536464691162,0.673721340388007
1103,1103,4,1,0.00031273800414055586,1.0,2.4020628929138184,0.673721340388007
1104,1104,4,1,0.0003131814009975642,1.0,2.400470018386841,0.673721340388007
1105,1105,4,1,0.0003152184362988919,1.0,2.402837038040161,0.673721340388007
1106,1106,4,1,0.0003185879031661898,1.0,2.3998959064483643,0.673721340388007
1107,1107,4,1,0.00032265594927594066,1.0,2.402975082397461,0.673721340388007
1108,1108,4,1,0.0003296940412838012,1.0,2.3990941047668457,0.6754850088183422
1109,1109,4,1,0.00033775196061469615,1.0,2.403700351715088,0.673721340388007
1110,1110,4,1,0.00034936380689032376,1.0,2.3978772163391113,0.6754850088183422
1111,1111,4,1,0.00036314077442511916,1.0,2.404402256011963,0.673721340388007
1112,1112,4,1,0.00037968382821418345,1.0,2.3970041275024414,0.6772486772486772
1113,1113,4,1,0.0003984898212365806,1.0,2.4047904014587402,0.673721340388007
1114,1114,4,1,0.0004179967800155282,1.0,2.396467447280884,0.6772486772486772
1115,1115,4,1,0.0004331057716626674,1.0,2.405663013458252,0.673721340388007
1116,1116,4,1,0.00044099532533437014,1.0,2.3959100246429443,0.6772486772486772
1117,1117,4,1,0.0004353313706815243,1.0,2.404783248901367,0.673721340388007
1118,1118,4,1,0.00041800286271609366,1.0,2.3966660499572754,0.6772486772486772
1119,1119,4,1,0.0003874586836900562,1.0,2.4034268856048584,0.673721340388007
1120,1120,4,1,0.0003519087622407824,1.0,2.398183822631836,0.6754850088183422
1121,1121,4,1,0.00031750023481436074,1.0,2.4016547203063965,0.673721340388007
1122,1122,4,1,0.0002922966086771339,1.0,2.4000232219696045,0.673721340388007
1123,1123,4,1,0.0002801130758598447,1.0,2.399395704269409,0.673721340388007
1124,1124,4,1,0.000281210319371894,1.0,2.4013519287109375,0.673721340388007
1125,1125,4,1,0.0002916429366450757,1.0,2.3979225158691406,0.6754850088183422
1126,1126,4,1,0.00030677212635055184,1.0,2.402031898498535,0.673721340388007
1127,1127,4,1,0.00032132750493474305,1.0,2.396574020385742,0.6754850088183422
1128,1128,4,1,0.0003325105644762516,1.0,2.403210401535034,0.673721340388007
1129,1129,4,1,0.0003399018896743655,1.0,2.396498918533325,0.6754850088183422
1130,1130,4,1,0.00033907609758898616,1.0,2.4025447368621826,0.673721340388007
1131,1131,4,1,0.00033281545620411634,1.0,2.396857261657715,0.6754850088183422
1132,1132,4,1,0.00032201220165006816,1.0,2.402113676071167,0.673721340388007
1133,1133,4,1,0.0003077329893130809,1.0,2.3974649906158447,0.6754850088183422
1134,1134,4,1,0.0002902209525927901,1.0,2.400946617126465,0.673721340388007
1135,1135,4,1,0.00027466463507153094,1.0,2.3989760875701904,0.6754850088183422
1136,1136,4,1,0.0002634923439472914,1.0,2.399686813354492,0.673721340388007
1137,1137,4,1,0.0002580395375844091,1.0,2.3996400833129883,0.673721340388007
1138,1138,4,1,0.00025750516215339303,1.0,2.398719549179077,0.6754850088183422
1139,1139,4,1,0.0002607216010801494,1.0,2.4007363319396973,0.673721340388007
1140,1140,4,1,0.00026674981927499175,1.0,2.397055149078369,0.6754850088183422
1141,1141,4,1,0.0002744834346231073,1.0,2.4011013507843018,0.673721340388007
1142,1142,4,1,0.00028432070394046605,1.0,2.3964364528656006,0.6754850088183422
1143,1143,4,1,0.0002938137040473521,1.0,2.4011263847351074,0.673721340388007
1144,1144,4,1,0.00030341718229465187,1.0,2.39552903175354,0.6754850088183422
1145,1145,4,1,0.000311583949951455,1.0,2.4019439220428467,0.673721340388007
1146,1146,4,1,0.00031864159973338246,1.0,2.3950424194335938,0.6772486772486772
1147,1147,4,1,0.0003204811364412308,1.0,2.401707887649536,0.673721340388007
1148,1148,4,1,0.0003191015566699207,1.0,2.3952224254608154,0.6772486772486772
1149,1149,4,1,0.00031282592681236565,1.0,2.401319980621338,0.673721340388007
1150,1150,4,1,0.0003032381646335125,1.0,2.395533323287964,0.6754850088183422
1151,1151,4,1,0.00028999996720813215,1.0,2.400641679763794,0.673721340388007
1152,1152,4,1,0.0002759351918939501,1.0,2.3964884281158447,0.6754850088183422
1153,1153,4,1,0.0002607514907140285,1.0,2.3994698524475098,0.673721340388007
1154,1154,4,1,0.0002483538701198995,1.0,2.396965503692627,0.6754850088183422
1155,1155,4,1,0.00023874951875768602,1.0,2.398345470428467,0.6754850088183422
1156,1156,4,1,0.0002328407863387838,1.0,2.397953987121582,0.6754850088183422
1157,1157,4,1,0.00023064699780661613,1.0,2.397395610809326,0.6754850088183422
1158,1158,4,1,0.00023126661835704,1.0,2.398906707763672,0.673721340388007
1159,1159,4,1,0.00023388619592878968,1.0,2.3965253829956055,0.6754850088183422
1160,1160,4,1,0.00023880110529717058,1.0,2.3993136882781982,0.673721340388007
1161,1161,4,1,0.00024522942840121686,1.0,2.3956737518310547,0.6754850088183422
1162,1162,4,1,0.0002529658377170563,1.0,2.400099039077759,0.673721340388007
1163,1163,4,1,0.00026298235752619803,1.0,2.3951666355133057,0.6754850088183422
1164,1164,4,1,0.0002730920969042927,1.0,2.4005942344665527,0.673721340388007
1165,1165,4,1,0.00028538875631056726,1.0,2.3941943645477295,0.6772486772486772
1166,1166,4,1,0.00029777290183119476,1.0,2.4011974334716797,0.673721340388007
1167,1167,4,1,0.0003110260877292603,1.0,2.3934202194213867,0.6772486772486772
1168,1168,4,1,0.0003223964013159275,1.0,2.4012537002563477,0.673721340388007
1169,1169,4,1,0.0003326229634694755,1.0,2.39311146736145,0.6772486772486772
1170,1170,4,1,0.00033765166881494224,1.0,2.401193618774414,0.673721340388007
1171,1171,4,1,0.0003378006222192198,1.0,2.3928229808807373,0.6772486772486772
1172,1172,4,1,0.0003284590784460306,1.0,2.4007656574249268,0.673721340388007
1173,1173,4,1,0.0003140021290164441,1.0,2.3933284282684326,0.6772486772486772
1174,1174,4,1,0.00029148036264814436,1.0,2.3994553089141846,0.673721340388007
1175,1175,4,1,0.00026560842525213957,1.0,2.3943910598754883,0.6754850088183422
1176,1176,4,1,0.0002394754410488531,1.0,2.3979249000549316,0.673721340388007
1177,1177,4,1,0.0002197534340666607,1.0,2.395808458328247,0.6754850088183422
1178,1178,4,1,0.00020776194287464023,1.0,2.3962106704711914,0.6754850088183422
1179,1179,4,1,0.0002048226451734081,1.0,2.3972456455230713,0.6754850088183422
1180,1180,4,1,0.00020913757907692343,1.0,2.3946571350097656,0.6754850088183422
1181,1181,4,1,0.00021807527809869498,1.0,2.398214340209961,0.673721340388007
1182,1182,4,1,0.0002300021587871015,1.0,2.3939876556396484,0.6754850088183422
1183,1183,4,1,0.00024185820075217634,1.0,2.3990395069122314,0.673721340388007
1184,1184,4,1,0.00025398452999070287,1.0,2.3929643630981445,0.6754850088183422
1185,1185,4,1,0.00026166802854277194,1.0,2.3992044925689697,0.673721340388007
1186,1186,4,1,0.0002664164931047708,1.0,2.3929924964904785,0.6754850088183422
1187,1187,4,1,0.0002651925024110824,1.0,2.3992433547973633,0.673721340388007
1188,1188,4,1,0.00026167320902459323,1.0,2.3932151794433594,0.6772486772486772
1189,1189,4,1,0.0002508401812519878,1.0,2.398689031600952,0.673721340388007
1190,1190,4,1,0.00023780087940394878,1.0,2.3939156532287598,0.6754850088183422
1191,1191,4,1,0.00022186613932717592,1.0,2.397585391998291,0.6754850088183422
1192,1192,4,1,0.00020829762797802687,1.0,2.3947858810424805,0.6754850088183422
1193,1193,4,1,0.00019744884048122913,1.0,2.3963351249694824,0.6754850088183422
1194,1194,4,1,0.00019048125250265002,1.0,2.3953728675842285,0.6754850088183422
1195,1195,4,1,0.00018702889792621136,1.0,2.3951921463012695,0.6754850088183422
1196,1196,4,1,0.0001866487873485312,1.0,2.3961293697357178,0.6754850088183422
1197,1197,4,1,0.00018848829495254904,1.0,2.394123077392578,0.6754850088183422
1198,1198,4,1,0.00019214247004128993,1.0,2.3967838287353516,0.6754850088183422
1199,1199,4,1,0.00019743181474041194,1.0,2.3934969902038574,0.6754850088183422
1200,1200,4,1,0.00020449994190130383,1.0,2.397219657897949,0.6754850088183422
1201,1201,4,1,0.00021357332298066467,1.0,2.3928720951080322,0.6754850088183422
1202,1202,4,1,0.00022402706963475794,1.0,2.398045778274536,0.6754850088183422
1203,1203,4,1,0.00023734405112918466,1.0,2.3920586109161377,0.6772486772486772
1204,1204,4,1,0.00025210512103512883,1.0,2.398900270462036,0.673721340388007
1205,1205,4,1,0.0002696954470593482,1.0,2.391085624694824,0.6772486772486772
1206,1206,4,1,0.00028635477065108716,1.0,2.399139642715454,0.673721340388007
1207,1207,4,1,0.00030312774470075965,1.0,2.3905088901519775,0.6772486772486772
1208,1208,4,1,0.0003179506747983396,1.0,2.399615526199341,0.673721340388007
1209,1209,4,1,0.0003304949204903096,1.0,2.3898775577545166,0.6772486772486772
1210,1210,4,1,0.00033726950641721487,1.0,2.3993730545043945,0.673721340388007
1211,1211,4,1,0.00033752049785107374,1.0,2.389735221862793,0.6772486772486772
1212,1212,4,1,0.0003249096334911883,1.0,2.398951530456543,0.673721340388007
1213,1213,4,1,0.0003037518181372434,1.0,2.390651226043701,0.6772486772486772
1214,1214,4,1,0.0002697006275411695,1.0,2.3974952697753906,0.6754850088183422
1215,1215,4,1,0.00023278217122424394,1.0,2.391993522644043,0.6754850088183422
1216,1216,4,1,0.00019852566765621305,1.0,2.3950910568237305,0.6754850088183422
1217,1217,4,1,0.00017532527272123843,1.0,2.393944025039673,0.6754850088183422
1218,1218,4,1,0.00016572765889577568,1.0,2.3933396339416504,0.6754850088183422
1219,1219,4,1,0.00016870621766429394,1.0,2.395444393157959,0.6754850088183422
1220,1220,4,1,0.0001805029605748132,1.0,2.3916399478912354,0.6754850088183422
1221,1221,4,1,0.00019662200065795332,1.0,2.396479845046997,0.6754850088183422
1222,1222,4,1,0.00021266726253088564,1.0,2.3906607627868652,0.6754850088183422
1223,1223,4,1,0.0002246207877760753,1.0,2.3970203399658203,0.6754850088183422
1224,1224,4,1,0.00023323610366787761,1.0,2.390448570251465,0.6772486772486772
1225,1225,4,1,0.0002336328907404095,1.0,2.396833896636963,0.6754850088183422
1226,1226,4,1,0.00022915667796041816,1.0,2.390723705291748,0.6772486772486772
1227,1227,4,1,0.00021762086544185877,1.0,2.396531105041504,0.6754850088183422
1228,1228,4,1,0.00020307172962930053,1.0,2.3917298316955566,0.6754850088183422
1229,1229,4,1,0.0001858657196862623,1.0,2.3951876163482666,0.6754850088183422
1230,1230,4,1,0.0001705097674857825,1.0,2.3928937911987305,0.6754850088183422
1231,1231,4,1,0.00015955690469127148,1.0,2.393929958343506,0.6754850088183422
1232,1232,4,1,0.0001537350326543674,1.0,2.393665313720703,0.6754850088183422
1233,1233,4,1,0.00015289626026060432,1.0,2.3926799297332764,0.6754850088183422
1234,1234,4,1,0.00015562953194603324,1.0,2.394447088241577,0.6754850088183422
1235,1235,4,1,0.00016071982099674642,1.0,2.3914308547973633,0.6754850088183422
1236,1236,4,1,0.00016728056652937084,1.0,2.3950037956237793,0.6754850088183422
1237,1237,4,1,0.00017503745038993657,1.0,2.390681028366089,0.6754850088183422
1238,1238,4,1,0.00018234417075291276,1.0,2.3953135013580322,0.6754850088183422
1239,1239,4,1,0.00019026754307560623,1.0,2.390321731567383,0.6772486772486772
1240,1240,4,1,0.00019776412227656692,1.0,2.3959856033325195,0.6754850088183422
1241,1241,4,1,0.00020625772594939917,1.0,2.390084743499756,0.6772486772486772
1242,1242,4,1,0.00021438143448904157,1.0,2.396343469619751,0.6754850088183422
1243,1243,4,1,0.00022269555483944714,1.0,2.389664888381958,0.6772486772486772
1244,1244,4,1,0.00022819176956545562,1.0,2.3966848850250244,0.6754850088183422
1245,1245,4,1,0.0002338454214623198,1.0,2.389218807220459,0.6772486772486772
1246,1246,4,1,0.0002363527164561674,1.0,2.396636962890625,0.6754850088183422
1247,1247,4,1,0.00023792228603269905,1.0,2.3893418312072754,0.6772486772486772
1248,1248,4,1,0.00023601434077136219,1.0,2.396411180496216,0.6754850088183422
1249,1249,4,1,0.00023151226923801005,1.0,2.3893704414367676,0.6772486772486772
1250,1250,4,1,0.0002224062045570463,1.0,2.3959550857543945,0.6754850088183422
1251,1251,4,1,0.00020951911574229598,1.0,2.389558792114258,0.6754850088183422
1252,1252,4,1,0.0001927480479935184,1.0,2.3948004245758057,0.6754850088183422
1253,1253,4,1,0.00017566715541761369,1.0,2.3905458450317383,0.6754850088183422
1254,1254,4,1,0.00015914080722723156,1.0,2.393580675125122,0.6754850088183422
1255,1255,4,1,0.00014621112495660782,1.0,2.3917179107666016,0.6754850088183422
1256,1256,4,1,0.00013793939433526248,1.0,2.392085075378418,0.6754850088183422
1257,1257,4,1,0.00013414518616627902,1.0,2.3924059867858887,0.6754850088183422
1258,1258,4,1,0.0001341995521215722,1.0,2.3911044597625732,0.6754850088183422
1259,1259,4,1,0.00013718447007704526,1.0,2.3928744792938232,0.6754850088183422
1260,1260,4,1,0.00014205682964529842,1.0,2.390273332595825,0.6754850088183422
1261,1261,4,1,0.00014854480104986578,1.0,2.393860101699829,0.6754850088183422
1262,1262,4,1,0.00015673451707698405,1.0,2.389573812484741,0.6754850088183422
1263,1263,4,1,0.00016592103929724544,1.0,2.3946664333343506,0.6754850088183422
1264,1264,4,1,0.00017670336819719523,1.0,2.3888919353485107,0.6772486772486772
1265,1265,4,1,0.00018791390175465494,1.0,2.3951902389526367,0.6754850088183422
1266,1266,4,1,0.0002014531783061102,1.0,2.3883371353149414,0.6772486772486772
1267,1267,4,1,0.00021766714053228498,1.0,2.3956139087677,0.6754850088183422
1268,1268,4,1,0.00023772683925926685,1.0,2.387741804122925,0.6772486772486772
1269,1269,4,1,0.0002601177548058331,1.0,2.3964650630950928,0.6754850088183422
1270,1270,4,1,0.0002856563660316169,1.0,2.3865296840667725,0.6790123456790124
1271,1271,4,1,0.0003106209624093026,1.0,2.3972508907318115,0.6754850088183422
1272,1272,4,1,0.00033382975379936397,1.0,2.385641098022461,0.6790123456790124
1273,1273,4,1,0.0003489225055091083,1.0,2.3973333835601807,0.6754850088183422
1274,1274,4,1,0.0003544997307471931,1.0,2.385775327682495,0.6790123456790124
1275,1275,4,1,0.0003417075495235622,1.0,2.396543264389038,0.6754850088183422
1276,1276,4,1,0.00031251352629624307,1.0,2.3869099617004395,0.6790123456790124
1277,1277,4,1,0.00026445090770721436,1.0,2.394777297973633,0.6754850088183422
1278,1278,4,1,0.00021024323359597474,1.0,2.3887343406677246,0.6754850088183422
1279,1279,4,1,0.00016016722656786442,1.0,2.3922810554504395,0.6754850088183422
1280,1280,4,1,0.00012807738676201552,1.0,2.39105486869812,0.6754850088183422
1281,1281,4,1,0.00011927348532481119,1.0,2.3897836208343506,0.6754850088183422
1282,1282,4,1,0.00013063686492387205,1.0,2.3931806087493896,0.6754850088183422
1283,1283,4,1,0.00015265161346178502,1.0,2.3878109455108643,0.6754850088183422
1284,1284,4,1,0.000176490459125489,1.0,2.3943328857421875,0.6754850088183422
1285,1285,4,1,0.00019494637672323734,1.0,2.3867993354797363,0.6790123456790124
1286,1286,4,1,0.00020371579739730805,1.0,2.3942081928253174,0.6754850088183422
1287,1287,4,1,0.00020230001246090978,1.0,2.3871445655822754,0.6790123456790124
1288,1288,4,1,0.00019021332263946533,1.0,2.3935110569000244,0.6754850088183422
1289,1289,4,1,0.0001718437997624278,1.0,2.38845157623291,0.6772486772486772
1290,1290,4,1,0.0001497372577432543,1.0,2.3925187587738037,0.6754850088183422
1291,1291,4,1,0.00013004642096348107,1.0,2.3902511596679688,0.6754850088183422
1292,1292,4,1,0.00011646177154034376,1.0,2.391003370285034,0.6754850088183422
1293,1293,4,1,0.00011119783448521048,1.0,2.3915250301361084,0.6754850088183422
1294,1294,4,1,0.00011326049570925534,1.0,2.389514923095703,0.6754850088183422
1295,1295,4,1,0.00012009659258183092,1.0,2.3920857906341553,0.6754850088183422
1296,1296,4,1,0.00012878880079369992,1.0,2.3884594440460205,0.6754850088183422
1297,1297,4,1,0.00013732290244661272,1.0,2.3927111625671387,0.6754850088183422
1298,1298,4,1,0.00014396564802154899,1.0,2.387836456298828,0.6772486772486772
1299,1299,4,1,0.00014772082795388997,1.0,2.3929080963134766,0.6754850088183422
1300,1300,4,1,0.0001487623230786994,1.0,2.3877227306365967,0.6772486772486772
1301,1301,4,1,0.00014701391046401113,1.0,2.392463207244873,0.6754850088183422
1302,1302,4,1,0.0001432978897355497,1.0,2.38785719871521,0.6754850088183422
1303,1303,4,1,0.00013791558740194887,1.0,2.39206600189209,0.6754850088183422
1304,1304,4,1,0.00013124430552124977,1.0,2.3883748054504395,0.6754850088183422
1305,1305,4,1,0.0001239047123817727,1.0,2.391371965408325,0.6754850088183422
1306,1306,4,1,0.00011685257777571678,1.0,2.3892312049865723,0.6754850088183422
1307,1307,4,1,0.00011058285599574447,1.0,2.3906052112579346,0.6754850088183422
1308,1308,4,1,0.00010584170377114788,1.0,2.3894898891448975,0.6754850088183422
1309,1309,4,1,0.00010269848280586302,1.0,2.3900575637817383,0.6754850088183422
1310,1310,4,1,0.00010113778262166306,1.0,2.389948844909668,0.6754850088183422
1311,1311,4,1,0.00010083089728141204,1.0,2.389399528503418,0.6754850088183422
1312,1312,4,1,0.00010151251626666635,1.0,2.390456438064575,0.6754850088183422
1313,1313,4,1,0.00010313365055480972,1.0,2.388859748840332,0.6754850088183422
1314,1314,4,1,0.000105583319964353,1.0,2.391024112701416,0.6754850088183422
1315,1315,4,1,0.00010929341078735888,1.0,2.3881983757019043,0.6754850088183422
1316,1316,4,1,0.00011420572263887152,1.0,2.391589403152466,0.6754850088183422
1317,1317,4,1,0.00012059983419021592,1.0,2.3874645233154297,0.6772486772486772
1318,1318,4,1,0.00012909070937894285,1.0,2.392345905303955,0.6754850088183422
1319,1319,4,1,0.00014024348638486117,1.0,2.3869540691375732,0.6790123456790124
1320,1320,4,1,0.00015512561367359012,1.0,2.393120288848877,0.6754850088183422
1321,1321,4,1,0.00017445003322791308,1.0,2.3859915733337402,0.6790123456790124
1322,1322,4,1,0.0002000796521315351,1.0,2.3941562175750732,0.6754850088183422
1323,1323,4,1,0.00023305726062972099,1.0,2.384699821472168,0.6790123456790124
1324,1324,4,1,0.0002738812181632966,1.0,2.395446538925171,0.6754850088183422
1325,1325,4,1,0.00032478029606863856,1.0,2.3832409381866455,0.6790123456790124
1326,1326,4,1,0.0003825747116934508,1.0,2.3966877460479736,0.6754850088183422
1327,1327,4,1,0.0004465166130103171,1.0,2.381831407546997,0.6790123456790124
1328,1328,4,1,0.0005045287543907762,1.0,2.397728681564331,0.6754850088183422
1329,1329,4,1,0.000546277326066047,1.0,2.3815295696258545,0.6790123456790124
1330,1330,4,1,0.0005510304472409189,1.0,2.3972768783569336,0.6754850088183422
1331,1331,4,1,0.0005094277439638972,1.0,2.382744312286377,0.6790123456790124
1332,1332,4,1,0.00040679454104974866,1.0,2.394641637802124,0.6754850088183422
1333,1333,4,1,0.00027894493541680276,1.0,2.3858444690704346,0.6790123456790124
1334,1334,4,1,0.0001603246055310592,1.0,2.390036106109619,0.6754850088183422
1335,1335,4,1,9.675051842350513e-05,1.0,2.3900346755981445,0.6754850088183422
1336,1336,4,1,0.00010364525951445103,1.0,2.3853437900543213,0.6790123456790124
1337,1337,4,1,0.0001579093368491158,1.0,2.3928682804107666,0.6754850088183422
1338,1338,4,1,0.00021934922551736236,1.0,2.3831069469451904,0.6790123456790124
1339,1339,4,1,0.0002561940927989781,1.0,2.393136978149414,0.6754850088183422
1340,1340,4,1,0.0002549818891566247,1.0,2.3837804794311523,0.6790123456790124
1341,1341,4,1,0.00021934982214588672,1.0,2.3914873600006104,0.6754850088183422
1342,1342,4,1,0.00016431789845228195,1.0,2.3859641551971436,0.6772486772486772
1343,1343,4,1,0.00011353893205523491,1.0,2.388805866241455,0.6754850088183422
1344,1344,4,1,8.793917368166149e-05,1.0,2.3890318870544434,0.6754850088183422
1345,1345,4,1,9.219034836860374e-05,1.0,2.3860397338867188,0.6790123456790124
1346,1346,4,1,0.00011593027011258528,1.0,2.391362190246582,0.6754850088183422
1347,1347,4,1,0.0001424623333150521,1.0,2.3848519325256348,0.6790123456790124
1348,1348,4,1,0.00015690630243625492,1.0,2.3913867473602295,0.6754850088183422
1349,1349,4,1,0.00015444251766894013,1.0,2.3853461742401123,0.6790123456790124
1350,1350,4,1,0.00013718461559619755,1.0,2.3902502059936523,0.6754850088183422
1351,1351,4,1,0.00011362566874595359,1.0,2.3864781856536865,0.6790123456790124
1352,1352,4,1,9.274684998672456e-05,1.0,2.388312578201294,0.6754850088183422
1353,1353,4,1,8.222143515013158e-05,1.0,2.3887083530426025,0.6754850088183422
1354,1354,4,1,8.393234020331874e-05,1.0,2.3865926265716553,0.6790123456790124
1355,1355,4,1,9.367443271912634e-05,1.0,2.389997959136963,0.6754850088183422
1356,1356,4,1,0.0001051455910783261,1.0,2.3858225345611572,0.6790123456790124
1357,1357,4,1,0.00011263133637839928,1.0,2.390077829360962,0.6754850088183422
1358,1358,4,1,0.00011378267663531005,1.0,2.3855628967285156,0.6790123456790124
1359,1359,4,1,0.00010867607488762587,1.0,2.389371871948242,0.6754850088183422
1360,1360,4,1,9.941575990524143e-05,1.0,2.3859634399414062,0.6772486772486772
1361,1361,4,1,8.928599709179252e-05,1.0,2.3880577087402344,0.6754850088183422
1362,1362,4,1,8.142634760588408e-05,1.0,2.3872900009155273,0.6772486772486772
1363,1363,4,1,7.735371764283627e-05,1.0,2.3871564865112305,0.6772486772486772
1364,1364,4,1,7.72985877119936e-05,1.0,2.3883488178253174,0.6754850088183422
1365,1365,4,1,8.016124775167555e-05,1.0,2.386509418487549,0.6772486772486772
1366,1366,4,1,8.415518823312595e-05,1.0,2.388887405395508,0.6754850088183422
1367,1367,4,1,8.803884702501819e-05,1.0,2.385871648788452,0.6772486772486772
1368,1368,4,1,9.054401016328484e-05,1.0,2.3890252113342285,0.6754850088183422
1369,1369,4,1,9.13971452973783e-05,1.0,2.385824203491211,0.6772486772486772
1370,1370,4,1,9.052886889548972e-05,1.0,2.3886985778808594,0.6754850088183422
1371,1371,4,1,8.825059194350615e-05,1.0,2.385817766189575,0.6790123456790124
1372,1372,4,1,8.510304178344086e-05,1.0,2.388396978378296,0.6754850088183422
1373,1373,4,1,8.161510049831122e-05,1.0,2.386312961578369,0.6772486772486772
1374,1374,4,1,7.808718510204926e-05,1.0,2.3878540992736816,0.6772486772486772
1375,1375,4,1,7.51042680349201e-05,1.0,2.3869054317474365,0.6772486772486772
1376,1376,4,1,7.293228554772213e-05,1.0,2.387338399887085,0.6772486772486772
1377,1377,4,1,7.151910540414974e-05,1.0,2.3870444297790527,0.6772486772486772
1378,1378,4,1,7.087024278007448e-05,1.0,2.386948823928833,0.6772486772486772
1379,1379,4,1,7.073669985402375e-05,1.0,2.3871676921844482,0.6772486772486772
1380,1380,4,1,7.100648508640006e-05,1.0,2.3861899375915527,0.6772486772486772
1381,1381,4,1,7.168512820499018e-05,1.0,2.3875415325164795,0.6772486772486772
1382,1382,4,1,7.275997631950304e-05,1.0,2.3858954906463623,0.6772486772486772
1383,1383,4,1,7.411885599140078e-05,1.0,2.387774705886841,0.6772486772486772
1384,1384,4,1,7.618759264005348e-05,1.0,2.385627269744873,0.6772486772486772
1385,1385,4,1,7.904467202024534e-05,1.0,2.3882458209991455,0.6754850088183422
1386,1386,4,1,8.255756256403401e-05,1.0,2.3850934505462646,0.6790123456790124
1387,1387,4,1,8.71803640620783e-05,1.0,2.38883638381958,0.6754850088183422
1388,1388,4,1,9.252252493752167e-05,1.0,2.384488344192505,0.6790123456790124
1389,1389,4,1,9.933303954312578e-05,1.0,2.389178514480591,0.6754850088183422
1390,1390,4,1,0.00010739052959252149,1.0,2.384047508239746,0.6790123456790124
1391,1391,4,1,0.00011790096323238686,1.0,2.3895204067230225,0.6754850088183422
1392,1392,4,1,0.00013061193749308586,1.0,2.3833141326904297,0.6790123456790124
1393,1393,4,1,0.00014630758960265666,1.0,2.3903136253356934,0.6754850088183422
1394,1394,4,1,0.00016479907208122313,1.0,2.3824267387390137,0.6790123456790124
1395,1395,4,1,0.0001863674260675907,1.0,2.3910794258117676,0.6754850088183422
1396,1396,4,1,0.00021186409867368639,1.0,2.3814749717712402,0.6807760141093474
1397,1397,4,1,0.0002390662266407162,1.0,2.391975164413452,0.6754850088183422
1398,1398,4,1,0.0002701828780118376,1.0,2.3804454803466797,0.6807760141093474
1399,1399,4,1,0.0003009845968335867,1.0,2.392916202545166,0.6754850088183422
1400,1400,4,1,0.00033228594111278653,1.0,2.380075693130493,0.6807760141093474
1401,1401,4,1,0.000354951509507373,1.0,2.3930842876434326,0.6754850088183422
1402,1402,4,1,0.00036908627953380346,1.0,2.380129098892212,0.6807760141093474
1403,1403,4,1,0.00036189460661262274,1.0,2.392674684524536,0.6754850088183422
1404,1404,4,1,0.00033738918136805296,1.0,2.380582094192505,0.6807760141093474
1405,1405,4,1,0.0002855041529983282,1.0,2.3911337852478027,0.6754850088183422
1406,1406,4,1,0.00021903999731875956,1.0,2.3823401927948,0.6790123456790124
1407,1407,4,1,0.0001482708175899461,1.0,2.38810658454895,0.6772486772486772
1408,1408,4,1,9.178205800708383e-05,1.0,2.3851537704467773,0.6772486772486772
1409,1409,4,1,6.395961827365682e-05,1.0,2.3849399089813232,0.6772486772486772
1410,1410,4,1,6.679033685941249e-05,1.0,2.387700319290161,0.6772486772486772
1411,1411,4,1,9.091788524528965e-05,1.0,2.3823513984680176,0.6790123456790124
1412,1412,4,1,0.00012214636080898345,1.0,2.3890135288238525,0.6754850088183422
1413,1413,4,1,0.00014869570441078395,1.0,2.3811557292938232,0.6807760141093474
1414,1414,4,1,0.0001631744671612978,1.0,2.3892464637756348,0.6754850088183422
1415,1415,4,1,0.00016324548050761223,1.0,2.381474494934082,0.6807760141093474
1416,1416,4,1,0.00014990742783993483,1.0,2.3884639739990234,0.6754850088183422
1417,1417,4,1,0.00012666363909374923,1.0,2.3826301097869873,0.6790123456790124
1418,1418,4,1,9.938437142409384e-05,1.0,2.387049674987793,0.6772486772486772
1419,1419,4,1,7.596025534439832e-05,1.0,2.3846139907836914,0.6790123456790124
1420,1420,4,1,6.138897151686251e-05,1.0,2.385230779647827,0.6772486772486772
1421,1421,4,1,5.757065082434565e-05,1.0,2.3864662647247314,0.6772486772486772
1422,1422,4,1,6.261640373850241e-05,1.0,2.383755683898926,0.6790123456790124
1423,1423,4,1,7.293596718227491e-05,1.0,2.3873016834259033,0.6772486772486772
1424,1424,4,1,8.4910643636249e-05,1.0,2.382840633392334,0.6790123456790124
1425,1425,4,1,9.440737630939111e-05,1.0,2.3876729011535645,0.6772486772486772
1426,1426,4,1,9.975866851164028e-05,1.0,2.3824024200439453,0.6807760141093474
1427,1427,4,1,9.984212374547496e-05,1.0,2.3874752521514893,0.6772486772486772
1428,1428,4,1,9.548966772854328e-05,1.0,2.3827874660491943,0.6807760141093474
1429,1429,4,1,8.783102384768426e-05,1.0,2.386765241622925,0.6772486772486772
1430,1430,4,1,7.875117444200441e-05,1.0,2.3834657669067383,0.6807760141093474
1431,1431,4,1,6.941338506294414e-05,1.0,2.3862497806549072,0.6772486772486772
1432,1432,4,1,6.166309321997687e-05,1.0,2.384213447570801,0.6790123456790124
1433,1433,4,1,5.627543214359321e-05,1.0,2.3851940631866455,0.6772486772486772
1434,1434,4,1,5.359478745958768e-05,1.0,2.3851585388183594,0.6772486772486772
1435,1435,4,1,5.322141805663705e-05,1.0,2.384101152420044,0.6772486772486772
1436,1436,4,1,5.45369548490271e-05,1.0,2.3856377601623535,0.6772486772486772
1437,1437,4,1,5.7013814512174577e-05,1.0,2.3838284015655518,0.6807760141093474
1438,1438,4,1,5.997373227728531e-05,1.0,2.386070728302002,0.6772486772486772
1439,1439,4,1,6.336329533951357e-05,1.0,2.383331298828125,0.6807760141093474
1440,1440,4,1,6.690594454994425e-05,1.0,2.386582612991333,0.6772486772486772
1441,1441,4,1,7.0648078690283e-05,1.0,2.3829290866851807,0.6807760141093474
1442,1442,4,1,7.42828196962364e-05,1.0,2.3868143558502197,0.6772486772486772
1443,1443,4,1,7.800875027896836e-05,1.0,2.3826406002044678,0.6807760141093474
1444,1444,4,1,8.186731429304928e-05,1.0,2.387009620666504,0.6772486772486772
1445,1445,4,1,8.594326936872676e-05,1.0,2.382265567779541,0.6807760141093474
1446,1446,4,1,9.017092816065997e-05,1.0,2.3873326778411865,0.6772486772486772
1447,1447,4,1,9.403494914295152e-05,1.0,2.3820388317108154,0.6807760141093474
1448,1448,4,1,9.828059410210699e-05,1.0,2.3874120712280273,0.6772486772486772
1449,1449,4,1,0.00010309457138646394,1.0,2.381645917892456,0.6807760141093474
1450,1450,4,1,0.0001090362566174008,1.0,2.3877816200256348,0.6772486772486772
1451,1451,4,1,0.00011564222950255498,1.0,2.3812642097473145,0.6807760141093474
1452,1452,4,1,0.0001235275703947991,1.0,2.3880953788757324,0.6772486772486772
1453,1453,4,1,0.0001327851932728663,1.0,2.3809292316436768,0.6807760141093474
1454,1454,4,1,0.00014368082338478416,1.0,2.388291835784912,0.6772486772486772
1455,1455,4,1,0.00015622506907675415,1.0,2.38037371635437,0.6807760141093474
1456,1456,4,1,0.0001710366632323712,1.0,2.389033794403076,0.6772486772486772
1457,1457,4,1,0.0001876364549389109,1.0,2.37962007522583,0.6807760141093474
1458,1458,4,1,0.00020483549451455474,1.0,2.3897364139556885,0.6754850088183422
1459,1459,4,1,0.00022334409004542977,1.0,2.3790335655212402,0.6807760141093474
1460,1460,4,1,0.00024002697318792343,1.0,2.390190601348877,0.6754850088183422
1461,1461,4,1,0.00025556058972142637,1.0,2.3786582946777344,0.6807760141093474
1462,1462,4,1,0.0002656657306943089,1.0,2.3903303146362305,0.6754850088183422
1463,1463,4,1,0.00027137872530147433,1.0,2.3785836696624756,0.6807760141093474
1464,1464,4,1,0.0002654907002579421,1.0,2.389936685562134,0.6754850088183422
1465,1465,4,1,0.00024994189152494073,1.0,2.3791072368621826,0.6807760141093474
1466,1466,4,1,0.00021993777772877365,1.0,2.388702392578125,0.6772486772486772
1467,1467,4,1,0.0001814467104850337,1.0,2.380342721939087,0.6807760141093474
1468,1468,4,1,0.00013661544653587043,1.0,2.386625051498413,0.6772486772486772
1469,1469,4,1,9.411833889316767e-05,1.0,2.3819196224212646,0.6807760141093474
1470,1470,4,1,6.260820373427123e-05,1.0,2.3842930793762207,0.6790123456790124
1471,1471,4,1,4.6634966565761715e-05,1.0,2.383859872817993,0.6790123456790124
1472,1472,4,1,4.611885378835723e-05,1.0,2.382089138031006,0.6807760141093474
1473,1473,4,1,5.7104032748611644e-05,1.0,2.3854870796203613,0.6772486772486772
1474,1474,4,1,7.423992065014318e-05,1.0,2.380664587020874,0.6807760141093474
1475,1475,4,1,9.19340891414322e-05,1.0,2.386413097381592,0.6772486772486772
1476,1476,4,1,0.0001068895508069545,1.0,2.3798441886901855,0.6807760141093474
1477,1477,4,1,0.00011641451419563964,1.0,2.3870251178741455,0.6772486772486772
1478,1478,4,1,0.00011953182547586039,1.0,2.3797051906585693,0.6807760141093474
1479,1479,4,1,0.00011618342250585556,1.0,2.386647939682007,0.6772486772486772
1480,1480,4,1,0.00010773646499728784,1.0,2.3804163932800293,0.6807760141093474
1481,1481,4,1,9.476899140281603e-05,1.0,2.386003255844116,0.6772486772486772
1482,1482,4,1,8.041415276238695e-05,1.0,2.381488561630249,0.6807760141093474
1483,1483,4,1,6.603491783607751e-05,1.0,2.3848893642425537,0.6790123456790124
1484,1484,4,1,5.410947778727859e-05,1.0,2.3826282024383545,0.6807760141093474
1485,1485,4,1,4.5793087338097394e-05,1.0,2.3833658695220947,0.6790123456790124
1486,1486,4,1,4.1564402636140585e-05,1.0,2.3835349082946777,0.6790123456790124
1487,1487,4,1,4.0907052607508376e-05,1.0,2.3823964595794678,0.6807760141093474
1488,1488,4,1,4.288683339837007e-05,1.0,2.3839704990386963,0.6790123456790124
1489,1489,4,1,4.6712524635950103e-05,1.0,2.381803512573242,0.6807760141093474
1490,1490,4,1,5.159027568879537e-05,1.0,2.3845458030700684,0.6790123456790124
1491,1491,4,1,5.677187073160894e-05,1.0,2.3812599182128906,0.6807760141093474
1492,1492,4,1,6.20226128376089e-05,1.0,2.3850390911102295,0.6790123456790124
1493,1493,4,1,6.706278509227559e-05,1.0,2.3809165954589844,0.6807760141093474
1494,1494,4,1,7.178916712291539e-05,1.0,2.3854305744171143,0.6790123456790124
1495,1495,4,1,7.622772682225332e-05,1.0,2.380642890930176,0.6807760141093474
1496,1496,4,1,8.066996815614402e-05,1.0,2.3857831954956055,0.6790123456790124
1497,1497,4,1,8.495493966620415e-05,1.0,2.3801889419555664,0.6807760141093474
1498,1498,4,1,8.93341057235375e-05,1.0,2.3861732482910156,0.6790123456790124
1499,1499,4,1,9.402493014931679e-05,1.0,2.3799123764038086,0.6825396825396826
1500,0,4,2,2.304727792739868,0.858776946766388,2.0695791244506836,0.9194395796847635
1501,1,4,2,1.9039762020111084,0.8345798504179498,2.0094263553619385,0.9211908931698775
1502,2,4,2,1.7366437911987305,0.8262208534975803,1.8973695039749146,0.9194395796847635
1503,3,4,2,1.5872342586517334,0.8350197976242851,1.7815653085708618,0.9176882661996497
1504,4,4,2,1.4566428661346436,0.8416190057193137,1.7030359506607056,0.9194395796847635
1505,5,4,2,1.368793249130249,0.8420589529256489,1.6865458488464355,0.9194395796847635
1506,6,4,2,1.3070045709609985,0.8482182138143423,1.7266753911972046,0.9211908931698775
1507,7,4,2,1.2458866834640503,0.8526176858776947,1.813199520111084,0.9229422066549913
1508,8,4,2,1.1820257902145386,0.8596568411790585,1.9345701932907104,0.9246935201401051
1509,9,4,2,1.1253280639648438,0.864056313242411,2.0685067176818848,0.9246935201401051
1510,10,4,2,1.0838347673416138,0.8662560492740871,2.189164161682129,0.9246935201401051
1511,11,4,2,1.0546947717666626,0.8710954685437747,2.2746260166168213,0.9229422066549913
1512,12,4,2,1.0291279554367065,0.8741750989881214,2.3165130615234375,0.9211908931698775
1513,13,4,2,1.0015310049057007,0.8794544654641443,2.3211443424224854,0.9211908931698775
1514,14,4,2,0.9738341569900513,0.8864936207655081,2.305449962615967,0.9211908931698775
1515,15,4,2,0.9493120908737183,0.8878134623845139,2.2851057052612305,0.9229422066549913
1516,16,4,2,0.9269675016403198,0.8882534095908491,2.2715203762054443,0.9246935201401051
1517,17,4,2,0.903943657875061,0.8878134623845139,2.2705705165863037,0.9229422066549913
1518,18,4,2,0.8797336220741272,0.8873735151781786,2.282028913497925,0.9194395796847635
1519,19,4,2,0.8565414547920227,0.8860536735591729,2.3004777431488037,0.9211908931698775
1520,20,4,2,0.8362610340118408,0.8886933567971843,2.3197741508483887,0.9176882661996497
1521,21,4,2,0.818111002445221,0.8882534095908491,2.3332600593566895,0.9159369527145359
1522,22,4,2,0.7998217940330505,0.8904531456225253,2.339240789413452,0.9176882661996497
1523,23,4,2,0.7808901071548462,0.8948526176858776,2.338871479034424,0.9194395796847635
1524,24,4,2,0.7622132897377014,0.8988121425428949,2.337611675262451,0.9194395796847635
1525,25,4,2,0.7450903654098511,0.9040915090189178,2.3394265174865723,0.9176882661996497
1526,26,4,2,0.7292242646217346,0.9058512978442587,2.3472890853881836,0.9176882661996497
1527,27,4,2,0.7140806317329407,0.9049714034315882,2.3599748611450195,0.9176882661996497
1528,28,4,2,0.6993480324745178,0.9054113506379234,2.374008893966675,0.9176882661996497
1529,29,4,2,0.6852017045021057,0.9049714034315882,2.3841230869293213,0.9176882661996497
1530,30,4,2,0.6716477870941162,0.9058512978442587,2.3846981525421143,0.9106830122591943
1531,31,4,2,0.6586045026779175,0.9071711394632644,2.372465133666992,0.9106830122591943
1532,32,4,2,0.6458353400230408,0.9093708754949406,2.3490638732910156,0.9106830122591943
1533,33,4,2,0.633002758026123,0.9111306643202816,2.319951057434082,0.9124343257443083
1534,34,4,2,0.6203278303146362,0.9142102947646282,2.293837308883667,0.9124343257443083
1535,35,4,2,0.6079879403114319,0.915530136383634,2.2760250568389893,0.9124343257443083
1536,36,4,2,0.5961543917655945,0.9186097668279807,2.2696595191955566,0.9141856392294221
1537,37,4,2,0.5847174525260925,0.9177298724153101,2.2723002433776855,0.9141856392294221
1538,38,4,2,0.5734366178512573,0.9186097668279807,2.27779483795166,0.9124343257443083
1539,39,4,2,0.5623780488967896,0.9194896612406511,2.279240608215332,0.9124343257443083
1540,40,4,2,0.5516342520713806,0.9199296084469863,2.2735297679901123,0.9124343257443083
1541,41,4,2,0.5412086248397827,0.9234491860976682,2.2622275352478027,0.9106830122591943
1542,42,4,2,0.5310593843460083,0.924769027716674,2.247659206390381,0.9106830122591943
1543,43,4,2,0.5211183428764343,0.9256489221293445,2.2348296642303467,0.9106830122591943
1544,44,4,2,0.5116313099861145,0.9287285525736911,2.2281265258789062,0.9106830122591943
1545,45,4,2,0.5025341510772705,0.9287285525736911,2.2275350093841553,0.9106830122591943
1546,46,4,2,0.49342724680900574,0.9309282886053674,2.230048656463623,0.9124343257443083
1547,47,4,2,0.48438331484794617,0.9309282886053674,2.232304096221924,0.9106830122591943
1548,48,4,2,0.4757066071033478,0.9326880774307084,2.231593370437622,0.9106830122591943
1549,49,4,2,0.46734899282455444,0.9335679718433788,2.227592945098877,0.9106830122591943
1550,50,4,2,0.4591183662414551,0.9348878134623845,2.2226455211639404,0.9106830122591943
1551,51,4,2,0.45105355978012085,0.935767707875055,2.219867706298828,0.9106830122591943
1552,52,4,2,0.4432147741317749,0.9366476022877255,2.2213354110717773,0.9106830122591943
1553,53,4,2,0.4354502558708191,0.9379674439067311,2.227294445037842,0.9106830122591943
1554,54,4,2,0.4277109205722809,0.9392872855257369,2.2355704307556152,0.9106830122591943
1555,55,4,2,0.4201708436012268,0.9401671799384074,2.2425570487976074,0.9089316987740805
1556,56,4,2,0.4128078818321228,0.9414870215574132,2.2458295822143555,0.9089316987740805
1557,57,4,2,0.40548601746559143,0.9423669159700836,2.244558811187744,0.9106830122591943
1558,58,4,2,0.39831113815307617,0.943246810382754,2.241481065750122,0.9106830122591943
1559,59,4,2,0.3913516402244568,0.9441267047954246,2.2388832569122314,0.9106830122591943
1560,60,4,2,0.3845077157020569,0.945006599208095,2.2382638454437256,0.9089316987740805
1561,61,4,2,0.3777129054069519,0.9458864936207655,2.2385194301605225,0.9071803852889667
1562,62,4,2,0.3710288405418396,0.9467663880334359,2.2380728721618652,0.9071803852889667
1563,63,4,2,0.36450138688087463,0.9476462824461065,2.2366063594818115,0.9089316987740805
1564,64,4,2,0.3580731153488159,0.9476462824461065,2.2352261543273926,0.9106830122591943
1565,65,4,2,0.3517707586288452,0.9480862296524417,2.2356536388397217,0.9106830122591943
1566,66,4,2,0.34561043977737427,0.9489661240651122,2.2393271923065186,0.9106830122591943
1567,67,4,2,0.3395421504974365,0.9507259128904532,2.245945692062378,0.9089316987740805
1568,68,4,2,0.33357498049736023,0.9529256489221294,2.2533440589904785,0.9089316987740805
1569,69,4,2,0.3277464210987091,0.954245490541135,2.259152889251709,0.9089316987740805
1570,70,4,2,0.32202935218811035,0.9555653321601408,2.2621407508850098,0.9054290718038529
1571,71,4,2,0.31637197732925415,0.9560052793664761,2.264554023742676,0.9054290718038529
1572,72,4,2,0.3108369708061218,0.9568851737791465,2.269407272338867,0.9054290718038529
1573,73,4,2,0.30539068579673767,0.9568851737791465,2.2776753902435303,0.9036777583187391
1574,74,4,2,0.3000253438949585,0.957765068191817,2.2872376441955566,0.9036777583187391
1575,75,4,2,0.29476791620254517,0.957765068191817,2.294888734817505,0.9036777583187391
1576,76,4,2,0.28960707783699036,0.957765068191817,2.2988669872283936,0.9036777583187391
1577,77,4,2,0.2845170199871063,0.9590849098108227,2.300236940383911,0.9036777583187391
1578,78,4,2,0.279503732919693,0.9590849098108227,2.3016419410705566,0.9036777583187391
1579,79,4,2,0.274583637714386,0.9590849098108227,2.304666757583618,0.9036777583187391
1580,80,4,2,0.2697449028491974,0.959524857017158,2.308020830154419,0.9036777583187391
1581,81,4,2,0.2649926245212555,0.9599648042234932,2.310579299926758,0.9036777583187391
1582,82,4,2,0.2603159546852112,0.9599648042234932,2.3114888668060303,0.9036777583187391
1583,83,4,2,0.2557251751422882,0.9608446986361636,2.3118808269500732,0.9036777583187391
1584,84,4,2,0.2512233853340149,0.9621645402551694,2.313443660736084,0.9036777583187391
1585,85,4,2,0.24678519368171692,0.9621645402551694,2.3162028789520264,0.9036777583187391
1586,86,4,2,0.2424231916666031,0.9621645402551694,2.3193984031677246,0.9036777583187391
1587,87,4,2,0.2381436675786972,0.9639243290805103,2.3214874267578125,0.9036777583187391
1588,88,4,2,0.23393580317497253,0.9643642762868456,2.3228702545166016,0.9036777583187391
1589,89,4,2,0.22978956997394562,0.9643642762868456,2.3246681690216064,0.9036777583187391
1590,90,4,2,0.22571733593940735,0.9648042234931808,2.3278167247772217,0.9001751313485113
1591,91,4,2,0.22169499099254608,0.9665640123185217,2.3315951824188232,0.9001751313485113
1592,92,4,2,0.2177586406469345,0.9674439067311923,2.3349084854125977,0.8984238178633975
1593,93,4,2,0.21389462053775787,0.9683238011438627,2.3365073204040527,0.8984238178633975
1594,94,4,2,0.2100866138935089,0.968763748350198,2.3379018306732178,0.8984238178633975
1595,95,4,2,0.20633096992969513,0.9692036955565332,2.33956241607666,0.8984238178633975
1596,96,4,2,0.20263734459877014,0.9700835899692037,2.340909004211426,0.8984238178633975
1597,97,4,2,0.1990046501159668,0.970523537175539,2.3412024974823,0.8984238178633975
1598,98,4,2,0.19542743265628815,0.970523537175539,2.3403496742248535,0.9001751313485113
1599,99,4,2,0.19190676510334015,0.970523537175539,2.3385238647460938,0.9001751313485113
1600,100,4,2,0.18844839930534363,0.9714034315882094,2.337946653366089,0.9001751313485113
1601,101,4,2,0.18505969643592834,0.9722833260008799,2.3394362926483154,0.9001751313485113
1602,102,4,2,0.18172191083431244,0.9731632204135504,2.3417372703552246,0.9001751313485113
1603,103,4,2,0.1784396916627884,0.9731632204135504,2.343325614929199,0.9001751313485113
1604,104,4,2,0.17521920800209045,0.9749230092388913,2.344428062438965,0.9001751313485113
1605,105,4,2,0.1720556765794754,0.9758029036515619,2.345304250717163,0.9001751313485113
1606,106,4,2,0.1689470410346985,0.9766827980642323,2.3460147380828857,0.9001751313485113
1607,107,4,2,0.1658923625946045,0.9775626924769028,2.347247838973999,0.9001751313485113
1608,108,4,2,0.16289488971233368,0.9775626924769028,2.349287271499634,0.9001751313485113
1609,109,4,2,0.15995317697525024,0.978002639683238,2.3512539863586426,0.9001751313485113
1610,110,4,2,0.1570666879415512,0.978002639683238,2.352173089981079,0.9001751313485113
1611,111,4,2,0.1542370766401291,0.9788825340959085,2.353030204772949,0.9001751313485113
1612,112,4,2,0.1514585316181183,0.979762428508579,2.353705644607544,0.9001751313485113
1613,113,4,2,0.14872479438781738,0.9802023757149142,2.3544669151306152,0.9001751313485113
1614,114,4,2,0.14604446291923523,0.9802023757149142,2.3562350273132324,0.9001751313485113
1615,115,4,2,0.1434115469455719,0.9802023757149142,2.3590853214263916,0.9001751313485113
1616,116,4,2,0.1408151090145111,0.9806423229212494,2.3614375591278076,0.9001751313485113
1617,117,4,2,0.13827286660671234,0.9810822701275846,2.3634679317474365,0.9001751313485113
1618,118,4,2,0.1357707977294922,0.9810822701275846,2.3650991916656494,0.9001751313485113
1619,119,4,2,0.13331103324890137,0.98152221733392,2.3676154613494873,0.9001751313485113
1620,120,4,2,0.13090914487838745,0.9824021117465904,2.3696327209472656,0.9001751313485113
1621,121,4,2,0.12853378057479858,0.9837219533655961,2.3701515197753906,0.9001751313485113
1622,122,4,2,0.12619709968566895,0.9841619005719313,2.3710384368896484,0.9001751313485113
1623,123,4,2,0.12391362339258194,0.9846018477782666,2.3740246295928955,0.9001751313485113
1624,124,4,2,0.12167153507471085,0.9854817421909371,2.376814603805542,0.9019264448336253
1625,125,4,2,0.11946569383144379,0.9854817421909371,2.3795201778411865,0.9019264448336253
1626,126,4,2,0.1173044741153717,0.9854817421909371,2.3826065063476562,0.9019264448336253
1627,127,4,2,0.11518304795026779,0.9854817421909371,2.3862195014953613,0.9019264448336253
1628,128,4,2,0.11310288310050964,0.9854817421909371,2.390272855758667,0.9001751313485113
1629,129,4,2,0.11105707287788391,0.9859216893972723,2.3936843872070312,0.9001751313485113
1630,130,4,2,0.1090526431798935,0.9859216893972723,2.39713191986084,0.9001751313485113
1631,131,4,2,0.10709143429994583,0.9859216893972723,2.401061773300171,0.9001751313485113
1632,132,4,2,0.10516407340765,0.9859216893972723,2.40580415725708,0.9001751313485113
1633,133,4,2,0.10326846688985825,0.9859216893972723,2.409306287765503,0.9001751313485113
1634,134,4,2,0.1014060527086258,0.9859216893972723,2.4103920459747314,0.9001751313485113
1635,135,4,2,0.0995815247297287,0.9872415310162781,2.4137520790100098,0.9001751313485113
1636,136,4,2,0.09778677672147751,0.9872415310162781,2.417509078979492,0.9001751313485113
1637,137,4,2,0.09603075683116913,0.9872415310162781,2.420032501220703,0.9001751313485113
1638,138,4,2,0.09431193768978119,0.9881214254289485,2.4227991104125977,0.9001751313485113
1639,139,4,2,0.09261877089738846,0.9881214254289485,2.4255874156951904,0.9001751313485113
1640,140,4,2,0.09095706790685654,0.9881214254289485,2.428950309753418,0.9001751313485113
1641,141,4,2,0.08932714909315109,0.9894412670479542,2.4312970638275146,0.9001751313485113
1642,142,4,2,0.08773215860128403,0.9894412670479542,2.433161973953247,0.9001751313485113
1643,143,4,2,0.0861564353108406,0.9894412670479542,2.435905694961548,0.9001751313485113
1644,144,4,2,0.08461319655179977,0.9894412670479542,2.4409172534942627,0.9019264448336253
1645,145,4,2,0.08310530334711075,0.9894412670479542,2.4434168338775635,0.9019264448336253
1646,146,4,2,0.08161803334951401,0.9903211614606248,2.4453327655792236,0.9019264448336253
1647,147,4,2,0.08016126602888107,0.9903211614606248,2.4500880241394043,0.9019264448336253
1648,148,4,2,0.07872798293828964,0.9903211614606248,2.451657295227051,0.9019264448336253
1649,149,4,2,0.07731612771749496,0.99076110866696,2.45347261428833,0.9019264448336253
1650,150,4,2,0.07593696564435959,0.99076110866696,2.459427833557129,0.9019264448336253
1651,151,4,2,0.07457640022039413,0.99076110866696,2.4618959426879883,0.9019264448336253
1652,152,4,2,0.07323451340198517,0.99076110866696,2.463015079498291,0.9019264448336253
1653,153,4,2,0.07191523164510727,0.99076110866696,2.4680089950561523,0.9019264448336253
1654,154,4,2,0.07061915844678879,0.99076110866696,2.4715776443481445,0.9019264448336253
1655,155,4,2,0.06935052573680878,0.9912010558732952,2.473527431488037,0.9019264448336253
1656,156,4,2,0.06809942424297333,0.9912010558732952,2.478036403656006,0.9019264448336253
1657,157,4,2,0.06687459349632263,0.9916410030796304,2.4801011085510254,0.9019264448336253
1658,158,4,2,0.06567640602588654,0.9920809502859657,2.483445405960083,0.9019264448336253
1659,159,4,2,0.06449033319950104,0.9920809502859657,2.4863650798797607,0.9019264448336253
1660,160,4,2,0.06333136558532715,0.9925208974923009,2.4865269660949707,0.9019264448336253
1661,161,4,2,0.062192246317863464,0.9925208974923009,2.4884896278381348,0.9019264448336253
1662,162,4,2,0.061076570302248,0.9925208974923009,2.4906234741210938,0.9019264448336253
1663,163,4,2,0.0599813386797905,0.9925208974923009,2.4944534301757812,0.9036777583187391
1664,164,4,2,0.05890411138534546,0.9929608446986362,2.497947931289673,0.9036777583187391
1665,165,4,2,0.0578475296497345,0.9929608446986362,2.499718189239502,0.9036777583187391
1666,166,4,2,0.05680984631180763,0.9934007919049714,2.502673625946045,0.9036777583187391
1667,167,4,2,0.055787593126297,0.9934007919049714,2.5071041584014893,0.9036777583187391
1668,168,4,2,0.05479063838720322,0.9934007919049714,2.5104758739471436,0.9036777583187391
1669,169,4,2,0.05381074920296669,0.9934007919049714,2.512413501739502,0.9036777583187391
1670,170,4,2,0.05284206196665764,0.9934007919049714,2.514533519744873,0.9036777583187391
1671,171,4,2,0.05189443752169609,0.9934007919049714,2.5192463397979736,0.9036777583187391
1672,172,4,2,0.05096488073468208,0.9934007919049714,2.523251533508301,0.9036777583187391
1673,173,4,2,0.050052985548973083,0.9934007919049714,2.524406671524048,0.9036777583187391
1674,174,4,2,0.04915398731827736,0.9934007919049714,2.5269901752471924,0.9036777583187391
1675,175,4,2,0.04827306047081947,0.9934007919049714,2.5294878482818604,0.9036777583187391
1676,176,4,2,0.04740661382675171,0.9934007919049714,2.5323309898376465,0.9036777583187391
1677,177,4,2,0.04656090959906578,0.9934007919049714,2.5368525981903076,0.9036777583187391
1678,178,4,2,0.0457322895526886,0.9934007919049714,2.5369863510131836,0.9036777583187391
1679,179,4,2,0.04491342231631279,0.9934007919049714,2.5385630130767822,0.9036777583187391
1680,180,4,2,0.04411068931221962,0.9934007919049714,2.5433452129364014,0.9036777583187391
1681,181,4,2,0.04332563281059265,0.9934007919049714,2.5444278717041016,0.9036777583187391
1682,182,4,2,0.042555004358291626,0.9934007919049714,2.5469863414764404,0.9036777583187391
1683,183,4,2,0.041797198355197906,0.9934007919049714,2.549650192260742,0.9036777583187391
1684,184,4,2,0.04105518013238907,0.9934007919049714,2.5490543842315674,0.9036777583187391
1685,185,4,2,0.0403226763010025,0.9938407391113067,2.5520811080932617,0.9036777583187391
1686,186,4,2,0.03960827738046646,0.9942806863176419,2.552464246749878,0.9036777583187391
1687,187,4,2,0.03890343755483627,0.9942806863176419,2.554368495941162,0.9036777583187391
1688,188,4,2,0.038215573877096176,0.9942806863176419,2.5598747730255127,0.9019264448336253
1689,189,4,2,0.0375400111079216,0.9942806863176419,2.5588912963867188,0.9019264448336253
1690,190,4,2,0.03687923401594162,0.9947206335239771,2.5612502098083496,0.9019264448336253
1691,191,4,2,0.03622521832585335,0.9947206335239771,2.5642595291137695,0.9019264448336253
1692,192,4,2,0.035591013729572296,0.9947206335239771,2.563973903656006,0.9019264448336253
1693,193,4,2,0.03496003523468971,0.9947206335239771,2.56584095954895,0.9019264448336253
1694,194,4,2,0.0343468151986599,0.9956005279366476,2.568488836288452,0.9019264448336253
1695,195,4,2,0.033738914877176285,0.9960404751429829,2.5675623416900635,0.9019264448336253
1696,196,4,2,0.03314198926091194,0.9960404751429829,2.5693907737731934,0.9019264448336253
1697,197,4,2,0.03255582973361015,0.9964804223493181,2.5726711750030518,0.9019264448336253
1698,198,4,2,0.03198452293872833,0.9964804223493181,2.572782516479492,0.9019264448336253
1699,199,4,2,0.031421635299921036,0.9969203695556533,2.5756678581237793,0.9019264448336253
1700,200,4,2,0.03086945414543152,0.9969203695556533,2.5752460956573486,0.9019264448336253
1701,201,4,2,0.030318690463900566,0.9969203695556533,2.575917959213257,0.9036777583187391
1702,202,4,2,0.029786352068185806,0.9969203695556533,2.5772385597229004,0.9036777583187391
1703,203,4,2,0.029260607436299324,0.9969203695556533,2.577631950378418,0.9036777583187391
1704,204,4,2,0.028743326663970947,0.9969203695556533,2.580556869506836,0.9036777583187391
1705,205,4,2,0.028242219239473343,0.9969203695556533,2.5801026821136475,0.9036777583187391
1706,206,4,2,0.027747074142098427,0.9973603167619886,2.5807650089263916,0.9036777583187391
1707,207,4,2,0.027260959148406982,0.9978002639683238,2.5840420722961426,0.9036777583187391
1708,208,4,2,0.026785558089613914,0.9978002639683238,2.5837514400482178,0.9036777583187391
1709,209,4,2,0.02631806582212448,0.9978002639683238,2.5866143703460693,0.9036777583187391
1710,210,4,2,0.02586052380502224,0.9978002639683238,2.586798906326294,0.9036777583187391
1711,211,4,2,0.02540922909975052,0.9978002639683238,2.587822198867798,0.9036777583187391
1712,212,4,2,0.024966154247522354,0.9978002639683238,2.5890157222747803,0.9036777583187391
1713,213,4,2,0.024533580988645554,0.9978002639683238,2.591006278991699,0.9036777583187391
1714,214,4,2,0.024105655029416084,0.9986801583809943,2.593325614929199,0.9036777583187391
1715,215,4,2,0.023688556626439095,0.9986801583809943,2.5938594341278076,0.9036777583187391
1716,216,4,2,0.023277783766388893,0.9986801583809943,2.595716953277588,0.9036777583187391
1717,217,4,2,0.02286989986896515,0.9991201055873296,2.598867177963257,0.9036777583187391
1718,218,4,2,0.022476807236671448,0.9991201055873296,2.5984458923339844,0.9036777583187391
1719,219,4,2,0.022086532786488533,0.9991201055873296,2.602656364440918,0.9036777583187391
1720,220,4,2,0.02170640416443348,0.9991201055873296,2.5992305278778076,0.9036777583187391
1721,221,4,2,0.021330010145902634,0.9991201055873296,2.6050174236297607,0.9036777583187391
1722,222,4,2,0.020960938185453415,0.9991201055873296,2.601151943206787,0.9036777583187391
1723,223,4,2,0.020599685609340668,0.9991201055873296,2.6072213649749756,0.9054290718038529
1724,224,4,2,0.020242076367139816,0.9991201055873296,2.6030585765838623,0.9036777583187391
1725,225,4,2,0.019885394722223282,0.9991201055873296,2.6075503826141357,0.9054290718038529
1726,226,4,2,0.01953672431409359,0.9991201055873296,2.606329917907715,0.9054290718038529
1727,227,4,2,0.019196592271327972,0.9991201055873296,2.607924699783325,0.9054290718038529
1728,228,4,2,0.01886156015098095,0.9991201055873296,2.6090800762176514,0.9054290718038529
1729,229,4,2,0.018533900380134583,0.9991201055873296,2.6096315383911133,0.9054290718038529
1730,230,4,2,0.01821213774383068,0.9991201055873296,2.6111559867858887,0.9054290718038529
1731,231,4,2,0.01789698749780655,0.9991201055873296,2.6110100746154785,0.9054290718038529
1732,232,4,2,0.017588654533028603,0.9995600527936648,2.6115963459014893,0.9054290718038529
1733,233,4,2,0.01728239841759205,0.9995600527936648,2.6155309677124023,0.9054290718038529
1734,234,4,2,0.016985179856419563,0.9995600527936648,2.6139278411865234,0.9054290718038529
1735,235,4,2,0.016692785546183586,0.9995600527936648,2.6167831420898438,0.9054290718038529
1736,236,4,2,0.01641012169420719,0.9995600527936648,2.6126790046691895,0.9054290718038529
1737,237,4,2,0.01613444834947586,0.9995600527936648,2.622800588607788,0.9054290718038529
1738,238,4,2,0.015872443094849586,0.9995600527936648,2.6125266551971436,0.9054290718038529
1739,239,4,2,0.015612965449690819,0.9995600527936648,2.6256449222564697,0.9054290718038529
1740,240,4,2,0.01535618957132101,0.9995600527936648,2.6152243614196777,0.9054290718038529
1741,241,4,2,0.015098534524440765,0.9995600527936648,2.63020658493042,0.9036777583187391
1742,242,4,2,0.014841592870652676,0.9995600527936648,2.6180107593536377,0.9054290718038529
1743,243,4,2,0.014571970328688622,0.9995600527936648,2.6293392181396484,0.9054290718038529
1744,244,4,2,0.0143065694719553,0.9995600527936648,2.6229305267333984,0.9054290718038529
1745,245,4,2,0.014052295126020908,0.9995600527936648,2.627946138381958,0.9054290718038529
1746,246,4,2,0.01380613911896944,1.0,2.6271114349365234,0.9036777583187391
1747,247,4,2,0.013569571077823639,1.0,2.6271610260009766,0.9054290718038529
1748,248,4,2,0.013339527882635593,1.0,2.630997657775879,0.9036777583187391
1749,249,4,2,0.013120809569954872,1.0,2.6257498264312744,0.9054290718038529
1750,250,4,2,0.012912347912788391,1.0,2.6372365951538086,0.9036777583187391
1751,251,4,2,0.012716362252831459,1.0,2.6247718334198,0.9054290718038529
1752,252,4,2,0.012532954104244709,1.0,2.6423232555389404,0.9036777583187391
1753,253,4,2,0.01236090250313282,1.0,2.6222572326660156,0.9054290718038529
1754,254,4,2,0.012205192819237709,1.0,2.6492369174957275,0.9019264448336253
1755,255,4,2,0.012054487131536007,1.0,2.620743989944458,0.9054290718038529
1756,256,4,2,0.011892742477357388,1.0,2.650571346282959,0.9019264448336253
1757,257,4,2,0.011719858273863792,1.0,2.622070550918579,0.9054290718038529
1758,258,4,2,0.011512860655784607,1.0,2.6497294902801514,0.9019264448336253
1759,259,4,2,0.011271508410573006,1.0,2.6269912719726562,0.9054290718038529
1760,260,4,2,0.011015636846423149,1.0,2.6454341411590576,0.9054290718038529
1761,261,4,2,0.010774292051792145,1.0,2.634937047958374,0.9054290718038529
1762,262,4,2,0.0105569027364254,1.0,2.6395463943481445,0.9054290718038529
1763,263,4,2,0.010369943454861641,1.0,2.643249988555908,0.9054290718038529
1764,264,4,2,0.010206202045083046,1.0,2.6358792781829834,0.9054290718038529
1765,265,4,2,0.01006037276238203,1.0,2.6492974758148193,0.9036777583187391
1766,266,4,2,0.009933358989655972,1.0,2.632702350616455,0.9054290718038529
1767,267,4,2,0.0098255705088377,1.0,2.6573081016540527,0.9019264448336253
1768,268,4,2,0.009741056710481644,1.0,2.628753900527954,0.9054290718038529
1769,269,4,2,0.009673655033111572,1.0,2.6643526554107666,0.9019264448336253
1770,270,4,2,0.00961882621049881,1.0,2.6256215572357178,0.9054290718038529
1771,271,4,2,0.009568805806338787,1.0,2.671084403991699,0.9019264448336253
1772,272,4,2,0.00949153769761324,1.0,2.6261305809020996,0.9054290718038529
1773,273,4,2,0.009355149231851101,1.0,2.67018723487854,0.9019264448336253
1774,274,4,2,0.00912981666624546,1.0,2.632174253463745,0.9054290718038529
1775,275,4,2,0.008841590024530888,1.0,2.6615006923675537,0.9036777583187391
1776,276,4,2,0.008542200550436974,1.0,2.6445624828338623,0.9054290718038529
1777,277,4,2,0.008292500860989094,1.0,2.6511142253875732,0.9054290718038529
1778,278,4,2,0.008122390136122704,1.0,2.6583781242370605,0.9036777583187391
1779,279,4,2,0.00803409330546856,1.0,2.642582893371582,0.9054290718038529
1780,280,4,2,0.007999114692211151,1.0,2.670835494995117,0.9036777583187391
1781,281,4,2,0.007995053194463253,1.0,2.6361446380615234,0.9054290718038529
1782,282,4,2,0.007993076927959919,1.0,2.677104949951172,0.9019264448336253
1783,283,4,2,0.007961902767419815,1.0,2.6338531970977783,0.9054290718038529
1784,284,4,2,0.007882146164774895,1.0,2.6780195236206055,0.9019264448336253
1785,285,4,2,0.007722852751612663,1.0,2.6387152671813965,0.9071803852889667
1786,286,4,2,0.007502343039959669,1.0,2.6720778942108154,0.9036777583187391
1787,287,4,2,0.007251895498484373,1.0,2.6493287086486816,0.9054290718038529
1788,288,4,2,0.007013388909399509,1.0,2.662940502166748,0.9036777583187391
1789,289,4,2,0.006830010563135147,1.0,2.6619226932525635,0.9054290718038529
1790,290,4,2,0.006711082998663187,1.0,2.655062437057495,0.9054290718038529
1791,291,4,2,0.006641810294240713,1.0,2.67134952545166,0.9054290718038529
1792,292,4,2,0.006602931767702103,1.0,2.6487934589385986,0.9071803852889667
1793,293,4,2,0.006573555525392294,1.0,2.6790542602539062,0.9036777583187391
1794,294,4,2,0.006556777749210596,1.0,2.644256353378296,0.9071803852889667
1795,295,4,2,0.006530781276524067,1.0,2.6832151412963867,0.9036777583187391
1796,296,4,2,0.006488851737231016,1.0,2.642874002456665,0.9071803852889667
1797,297,4,2,0.006426333449780941,1.0,2.6848156452178955,0.9036777583187391
1798,298,4,2,0.0063402727246284485,1.0,2.6446282863616943,0.9071803852889667
1799,299,4,2,0.006218277849256992,1.0,2.6823508739471436,0.9036777583187391
1800,300,4,2,0.00606076605618,1.0,2.649226665496826,0.9071803852889667
1801,301,4,2,0.005875921808183193,1.0,2.6772778034210205,0.9054290718038529
1802,302,4,2,0.005691664293408394,1.0,2.6569175720214844,0.9054290718038529
1803,303,4,2,0.005526484455913305,1.0,2.6701648235321045,0.9054290718038529
1804,304,4,2,0.005393381230533123,1.0,2.6668126583099365,0.9054290718038529
1805,305,4,2,0.005294512491673231,1.0,2.66372013092041,0.9054290718038529
1806,306,4,2,0.0052230763249099255,1.0,2.6740150451660156,0.9054290718038529
1807,307,4,2,0.005175156518816948,1.0,2.6568052768707275,0.9071803852889667
1808,308,4,2,0.00514544453471899,1.0,2.679859161376953,0.9054290718038529
1809,309,4,2,0.005137555301189423,1.0,2.65190052986145,0.9071803852889667
1810,310,4,2,0.005144259426742792,1.0,2.6870129108428955,0.9036777583187391
1811,311,4,2,0.0051702591590583324,1.0,2.6465492248535156,0.9071803852889667
1812,312,4,2,0.005213621538132429,1.0,2.6917853355407715,0.9036777583187391
1813,313,4,2,0.00526905944570899,1.0,2.640056848526001,0.9071803852889667
1814,314,4,2,0.005324242170900106,1.0,2.6964428424835205,0.9036777583187391
1815,315,4,2,0.00534913782030344,1.0,2.6379082202911377,0.9071803852889667
1816,316,4,2,0.00529092364013195,1.0,2.6947834491729736,0.9036777583187391
1817,317,4,2,0.005127530079334974,1.0,2.642435073852539,0.9071803852889667
1818,318,4,2,0.0048585087060928345,1.0,2.6832408905029297,0.9054290718038529
1819,319,4,2,0.004554382991045713,1.0,2.6562559604644775,0.9071803852889667
1820,320,4,2,0.004292761441320181,1.0,2.6679513454437256,0.9054290718038529
1821,321,4,2,0.004143320955336094,1.0,2.671455144882202,0.9054290718038529
1822,322,4,2,0.004107214510440826,1.0,2.6544442176818848,0.9071803852889667
1823,323,4,2,0.004146861843764782,1.0,2.6831588745117188,0.9036777583187391
1824,324,4,2,0.004213410895317793,1.0,2.646340847015381,0.9071803852889667
1825,325,4,2,0.004257371183484793,1.0,2.687178373336792,0.9036777583187391
1826,326,4,2,0.004246606025844812,1.0,2.645427942276001,0.9071803852889667
1827,327,4,2,0.0041773030534386635,1.0,2.684342861175537,0.9036777583187391
1828,328,4,2,0.004049840848892927,1.0,2.651888132095337,0.9071803852889667
1829,329,4,2,0.0038822435308247805,1.0,2.676888942718506,0.9054290718038529
1830,330,4,2,0.0037171884905546904,1.0,2.661076545715332,0.9071803852889667
1831,331,4,2,0.0035866210237145424,1.0,2.6677088737487793,0.9071803852889667
1832,332,4,2,0.0035062157548964024,1.0,2.6713836193084717,0.9071803852889667
1833,333,4,2,0.0034710634499788284,1.0,2.6593692302703857,0.9054290718038529
1834,334,4,2,0.003463776782155037,1.0,2.678377628326416,0.9054290718038529
1835,335,4,2,0.0034717225935310125,1.0,2.652517795562744,0.9054290718038529
1836,336,4,2,0.003484883112832904,1.0,2.6834521293640137,0.9036777583187391
1837,337,4,2,0.0034942806232720613,1.0,2.6488819122314453,0.9054290718038529
1838,338,4,2,0.0034936212468892336,1.0,2.68473744392395,0.9054290718038529
1839,339,4,2,0.003474058350548148,1.0,2.6485605239868164,0.9054290718038529
1840,340,4,2,0.0034265578724443913,1.0,2.684378147125244,0.9036777583187391
1841,341,4,2,0.003358970396220684,1.0,2.6517391204833984,0.9054290718038529
1842,342,4,2,0.0032755418214946985,1.0,2.682616710662842,0.9054290718038529
1843,343,4,2,0.0031774481758475304,1.0,2.6553595066070557,0.9054290718038529
1844,344,4,2,0.0030740590300410986,1.0,2.678126335144043,0.9036777583187391
1845,345,4,2,0.0029774026479572058,1.0,2.660388231277466,0.9054290718038529
1846,346,4,2,0.0028951195999979973,1.0,2.672342538833618,0.9054290718038529
1847,347,4,2,0.00282595818862319,1.0,2.666109561920166,0.9054290718038529
1848,348,4,2,0.0027703617233783007,1.0,2.666694164276123,0.9054290718038529
1849,349,4,2,0.0027275490574538708,1.0,2.67102313041687,0.9054290718038529
1850,350,4,2,0.0026959464885294437,1.0,2.662440061569214,0.9054290718038529
1851,351,4,2,0.0026722694747149944,1.0,2.6749844551086426,0.9054290718038529
1852,352,4,2,0.002659470308572054,1.0,2.6590261459350586,0.9054290718038529
1853,353,4,2,0.0026601729914546013,1.0,2.6805601119995117,0.9054290718038529
1854,354,4,2,0.002678621094673872,1.0,2.653528928756714,0.9054290718038529
1855,355,4,2,0.0027253455482423306,1.0,2.688095808029175,0.9054290718038529
1856,356,4,2,0.002820579567924142,1.0,2.6446430683135986,0.9054290718038529
1857,357,4,2,0.002979076001793146,1.0,2.6992108821868896,0.9036777583187391
1858,358,4,2,0.0032080591190606356,1.0,2.633828639984131,0.9071803852889667
1859,359,4,2,0.003517692908644676,1.0,2.710022211074829,0.9036777583187391
1860,360,4,2,0.003806869965046644,1.0,2.6262893676757812,0.9071803852889667
1861,361,4,2,0.0040101949125528336,1.0,2.71256160736084,0.9036777583187391
1862,362,4,2,0.003910841885954142,1.0,2.632131814956665,0.9071803852889667
1863,363,4,2,0.0035036574117839336,1.0,2.6968610286712646,0.9036777583187391
1864,364,4,2,0.002861031796783209,1.0,2.656341314315796,0.9054290718038529
1865,365,4,2,0.0023279283195734024,1.0,2.6671650409698486,0.9054290718038529
1866,366,4,2,0.0021615568548440933,1.0,2.685638189315796,0.9054290718038529
1867,367,4,2,0.0023509289603680372,1.0,2.6449544429779053,0.9054290718038529
1868,368,4,2,0.0026443288661539555,1.0,2.6990067958831787,0.9036777583187391
1869,369,4,2,0.002775560598820448,1.0,2.6425538063049316,0.9054290718038529
1870,370,4,2,0.0026553573552519083,1.0,2.689413547515869,0.9054290718038529
1871,371,4,2,0.00234582694247365,1.0,2.6596286296844482,0.9054290718038529
1872,372,4,2,0.002059062710031867,1.0,2.6675238609313965,0.9054290718038529
1873,373,4,2,0.001960079651325941,1.0,2.6818206310272217,0.9054290718038529
1874,374,4,2,0.0020512433256953955,1.0,2.651233673095703,0.9054290718038529
1875,375,4,2,0.002198124537244439,1.0,2.6918790340423584,0.9054290718038529
1876,376,4,2,0.0022542912047356367,1.0,2.650956630706787,0.9054290718038529
1877,377,4,2,0.0021730829030275345,1.0,2.684497356414795,0.9054290718038529
1878,378,4,2,0.0019999700598418713,1.0,2.663517951965332,0.9054290718038529
1879,379,4,2,0.0018427070463076234,1.0,2.6688923835754395,0.9054290718038529
1880,380,4,2,0.0017780603375285864,1.0,2.679080009460449,0.9054290718038529
1881,381,4,2,0.001808036002330482,1.0,2.6581685543060303,0.9054290718038529
1882,382,4,2,0.0018745732959359884,1.0,2.686396837234497,0.9054290718038529
1883,383,4,2,0.001910484628751874,1.0,2.6554908752441406,0.9054290718038529
1884,384,4,2,0.0018848567269742489,1.0,2.683134078979492,0.9054290718038529
1885,385,4,2,0.0018056448316201568,1.0,2.6605916023254395,0.9054290718038529
1886,386,4,2,0.0017086488660424948,1.0,2.6740143299102783,0.9054290718038529
1887,387,4,2,0.00162984908092767,1.0,2.670769691467285,0.9054290718038529
1888,388,4,2,0.001591700129210949,1.0,2.665173053741455,0.9054290718038529
1889,389,4,2,0.0015921879094094038,1.0,2.6789259910583496,0.9054290718038529
1890,390,4,2,0.0016130286967381835,1.0,2.6593177318573,0.9054290718038529
1891,391,4,2,0.0016336552798748016,1.0,2.6825132369995117,0.9054290718038529
1892,392,4,2,0.0016377739375457168,1.0,2.658067226409912,0.9054290718038529
1893,393,4,2,0.0016198131488636136,1.0,2.682008743286133,0.9054290718038529
1894,394,4,2,0.0015823898138478398,1.0,2.660024881362915,0.9054290718038529
1895,395,4,2,0.0015330930473282933,1.0,2.6782259941101074,0.9054290718038529
1896,396,4,2,0.0014814282767474651,1.0,2.664754629135132,0.9054290718038529
1897,397,4,2,0.0014333281433209777,1.0,2.673295497894287,0.9054290718038529
1898,398,4,2,0.0013964963145554066,1.0,2.6707122325897217,0.9054290718038529
1899,399,4,2,0.0013702772557735443,1.0,2.669525384902954,0.9054290718038529
1900,400,4,2,0.0013536264887079597,1.0,2.6752052307128906,0.9054290718038529
1901,401,4,2,0.0013442498166114092,1.0,2.66605281829834,0.9054290718038529
1902,402,4,2,0.0013396948343142867,1.0,2.6781716346740723,0.9054290718038529
1903,403,4,2,0.0013400671305134892,1.0,2.663339614868164,0.9054290718038529
1904,404,4,2,0.001344487420283258,1.0,2.682243585586548,0.9054290718038529
1905,405,4,2,0.0013545333640649915,1.0,2.660634756088257,0.9054290718038529
1906,406,4,2,0.0013700263807550073,1.0,2.686094045639038,0.9054290718038529
1907,407,4,2,0.0013918227050453424,1.0,2.6573095321655273,0.9054290718038529
1908,408,4,2,0.0014218931319192052,1.0,2.690159559249878,0.9054290718038529
1909,409,4,2,0.001461460953578353,1.0,2.6533772945404053,0.9054290718038529
1910,410,4,2,0.0015148153761401772,1.0,2.694720506668091,0.9054290718038529
1911,411,4,2,0.0015788457822054625,1.0,2.648796558380127,0.9054290718038529
1912,412,4,2,0.0016574709443375468,1.0,2.699563980102539,0.9036777583187391
1913,413,4,2,0.001731221447698772,1.0,2.645324945449829,0.9054290718038529
1914,414,4,2,0.001803326653316617,1.0,2.702932596206665,0.9036777583187391
1915,415,4,2,0.0018336870707571507,1.0,2.644221782684326,0.9054290718038529
1916,416,4,2,0.0018278883071616292,1.0,2.7020907402038574,0.9036777583187391
1917,417,4,2,0.0017483597621321678,1.0,2.6487834453582764,0.9054290718038529
1918,418,4,2,0.0016066611278802156,1.0,2.695739984512329,0.9054290718038529
1919,419,4,2,0.001421739929355681,1.0,2.6591451168060303,0.9054290718038529
1920,420,4,2,0.001235848292708397,1.0,2.683912515640259,0.9054290718038529
1921,421,4,2,0.0010912739671766758,1.0,2.6731534004211426,0.9054290718038529
1922,422,4,2,0.0010164983104914427,1.0,2.671727180480957,0.9054290718038529
1923,423,4,2,0.0010126163251698017,1.0,2.6852047443389893,0.9054290718038529
1924,424,4,2,0.0010572432074695826,1.0,2.6622166633605957,0.9054290718038529
1925,425,4,2,0.0011231076205149293,1.0,2.6923398971557617,0.9054290718038529
1926,426,4,2,0.0011851222952827811,1.0,2.657646417617798,0.9054290718038529
1927,427,4,2,0.0012283101677894592,1.0,2.6946887969970703,0.9054290718038529
1928,428,4,2,0.0012399953557178378,1.0,2.6573894023895264,0.9054290718038529
1929,429,4,2,0.0012209551641717553,1.0,2.6939964294433594,0.9054290718038529
1930,430,4,2,0.0011719000758603215,1.0,2.6612608432769775,0.9054290718038529
1931,431,4,2,0.0011015160707756877,1.0,2.6898531913757324,0.9054290718038529
1932,432,4,2,0.0010236947564408183,1.0,2.667365074157715,0.9054290718038529
1933,433,4,2,0.0009512373362667859,1.0,2.6833431720733643,0.9054290718038529
1934,434,4,2,0.0008955754456110299,1.0,2.674426555633545,0.9054290718038529
1935,435,4,2,0.0008598620188422501,1.0,2.6766092777252197,0.9054290718038529
1936,436,4,2,0.0008430379093624651,1.0,2.6803112030029297,0.9054290718038529
1937,437,4,2,0.0008408247376792133,1.0,2.6714372634887695,0.9054290718038529
1938,438,4,2,0.0008492445340380073,1.0,2.685558557510376,0.9054290718038529
1939,439,4,2,0.0008654349949210882,1.0,2.6674234867095947,0.9054290718038529
1940,440,4,2,0.000886975263711065,1.0,2.6898369789123535,0.9054290718038529
1941,441,4,2,0.0009129350655712187,1.0,2.6638104915618896,0.9054290718038529
1942,442,4,2,0.0009428689372725785,1.0,2.69412899017334,0.9054290718038529
1943,443,4,2,0.0009806941961869597,1.0,2.6603827476501465,0.9054290718038529
1944,444,4,2,0.001027679187245667,1.0,2.6989150047302246,0.9054290718038529
1945,445,4,2,0.001087683835066855,1.0,2.6569676399230957,0.9054290718038529
1946,446,4,2,0.0011609012726694345,1.0,2.7044601440429688,0.9054290718038529
1947,447,4,2,0.001245483523234725,1.0,2.6527819633483887,0.9054290718038529
1948,448,4,2,0.0013385580386966467,1.0,2.709542751312256,0.9036777583187391
1949,449,4,2,0.0014314636355265975,1.0,2.6488993167877197,0.9054290718038529
1950,450,4,2,0.0015179462498053908,1.0,2.7139854431152344,0.9036777583187391
1951,451,4,2,0.0015717605128884315,1.0,2.647920608520508,0.9054290718038529
1952,452,4,2,0.0015575946308672428,1.0,2.7128334045410156,0.9036777583187391
1953,453,4,2,0.0014629208017140627,1.0,2.65311336517334,0.9054290718038529
1954,454,4,2,0.0012784787686541677,1.0,2.7033419609069824,0.9054290718038529
1955,455,4,2,0.0010415605502203107,1.0,2.666485071182251,0.9054290718038529
1956,456,4,2,0.0008202172466553748,1.0,2.6877281665802,0.9054290718038529
1957,457,4,2,0.0006785685545764863,1.0,2.6834049224853516,0.9054290718038529
1958,458,4,2,0.0006426311447285116,1.0,2.672294855117798,0.9054290718038529
1959,459,4,2,0.0006942967302165926,1.0,2.695904493331909,0.9054290718038529
1960,460,4,2,0.000788017874583602,1.0,2.662804365158081,0.9054290718038529
1961,461,4,2,0.0008758866460993886,1.0,2.701511859893799,0.9054290718038529
1962,462,4,2,0.0009296805947087705,1.0,2.6609079837799072,0.9054290718038529
1963,463,4,2,0.0009303255937993526,1.0,2.700369358062744,0.9054290718038529
1964,464,4,2,0.000882859283592552,1.0,2.665781259536743,0.9054290718038529
1965,465,4,2,0.00079889758490026,1.0,2.694598436355591,0.9054290718038529
1966,466,4,2,0.0007052759174257517,1.0,2.6750593185424805,0.9054290718038529
1967,467,4,2,0.0006241879891604185,1.0,2.6860806941986084,0.9054290718038529
1968,468,4,2,0.0005734866135753691,1.0,2.6847317218780518,0.9054290718038529
1969,469,4,2,0.0005569253116846085,1.0,2.678020715713501,0.9054290718038529
1970,470,4,2,0.0005682589253410697,1.0,2.6916513442993164,0.9054290718038529
1971,471,4,2,0.0005961574497632682,1.0,2.6722655296325684,0.9054290718038529
1972,472,4,2,0.0006279219524003565,1.0,2.6953539848327637,0.9054290718038529
1973,473,4,2,0.000656379503197968,1.0,2.669816732406616,0.9054290718038529
1974,474,4,2,0.0006737357471138239,1.0,2.696995258331299,0.9054290718038529
1975,475,4,2,0.0006811357452534139,1.0,2.6697564125061035,0.9054290718038529
1976,476,4,2,0.0006758951931260526,1.0,2.697266101837158,0.9054290718038529
1977,477,4,2,0.000663299928419292,1.0,2.671085834503174,0.9054290718038529
1978,478,4,2,0.0006413752562366426,1.0,2.696000337600708,0.9054290718038529
1979,479,4,2,0.0006160169723443687,1.0,2.6725974082946777,0.9054290718038529
1980,480,4,2,0.0005867052241228521,1.0,2.6935582160949707,0.9054290718038529
1981,481,4,2,0.0005586607148870826,1.0,2.6749355792999268,0.9054290718038529
1982,482,4,2,0.0005306874518282712,1.0,2.6913604736328125,0.9054290718038529
1983,483,4,2,0.0005073883221484721,1.0,2.677690267562866,0.9054290718038529
1984,484,4,2,0.00048753112787380815,1.0,2.689535140991211,0.9054290718038529
1985,485,4,2,0.00047151322360150516,1.0,2.680497884750366,0.9054290718038529
1986,486,4,2,0.0004585171409416944,1.0,2.688321113586426,0.9054290718038529
1987,487,4,2,0.0004478750051930547,1.0,2.6825685501098633,0.9054290718038529
1988,488,4,2,0.0004388810775708407,1.0,2.6869654655456543,0.9054290718038529
1989,489,4,2,0.0004313928948249668,1.0,2.684331178665161,0.9054290718038529
1990,490,4,2,0.0004246769822202623,1.0,2.686359167098999,0.9054290718038529
1991,491,4,2,0.00041857213363982737,1.0,2.6854007244110107,0.9054290718038529
1992,492,4,2,0.000412937777582556,1.0,2.6855099201202393,0.9054290718038529
1993,493,4,2,0.00040756736416369677,1.0,2.68625545501709,0.9054290718038529
1994,494,4,2,0.000402411533286795,1.0,2.685181140899658,0.9054290718038529
1995,495,4,2,0.0003975607396569103,1.0,2.6873605251312256,0.9054290718038529
1996,496,4,2,0.00039325832040049136,1.0,2.683908700942993,0.9054290718038529
1997,497,4,2,0.00038997293449938297,1.0,2.689131259918213,0.9054290718038529
1998,498,4,2,0.0003881272568833083,1.0,2.6819660663604736,0.9054290718038529
1999,499,4,2,0.00038986472645774484,1.0,2.692218542098999,0.9054290718038529
2000,500,4,2,0.00039783402462489903,1.0,2.677957534790039,0.9054290718038529
2001,501,4,2,0.00041730370139703155,1.0,2.6982123851776123,0.9054290718038529
2002,502,4,2,0.0004596899962052703,1.0,2.671018123626709,0.9054290718038529
2003,503,4,2,0.0005447766743600368,1.0,2.708622694015503,0.9036777583187391
2004,504,4,2,0.0007133522303774953,1.0,2.6570088863372803,0.9054290718038529
2005,505,4,2,0.0010365978814661503,1.0,2.727839231491089,0.9036777583187391
2006,506,4,2,0.0016405024798586965,1.0,2.6324009895324707,0.9071803852889667
2007,507,4,2,0.002755733672529459,1.0,2.7599568367004395,0.9036777583187391
2008,508,4,2,0.004522230476140976,1.0,2.5973665714263916,0.9036777583187391
2009,509,4,2,0.006987376604229212,1.0,2.787799835205078,0.9036777583187391
2010,510,4,2,0.00841954443603754,1.0,2.593926191329956,0.9036777583187391
2011,511,4,2,0.00705675408244133,1.0,2.739879846572876,0.9036777583187391
2012,512,4,2,0.0027764455880969763,1.0,2.6797592639923096,0.9054290718038529
2013,513,4,2,0.00048700172919780016,1.0,2.6347262859344482,0.9071803852889667
2014,514,4,2,0.0023551504127681255,1.0,2.752210855484009,0.9036777583187391
2015,515,4,2,0.004082326777279377,1.0,2.625757932662964,0.9071803852889667
2016,516,4,2,0.0025355550460517406,1.0,2.692037343978882,0.9036777583187391
2017,517,4,2,0.0005878895753994584,1.0,2.711130142211914,0.9036777583187391
2018,518,4,2,0.0014000459341332316,1.0,2.624025583267212,0.9071803852889667
2019,519,4,2,0.0025755567476153374,1.0,2.7214043140411377,0.9036777583187391
2020,520,4,2,0.0016210604226216674,1.0,2.671600341796875,0.9054290718038529
2021,521,4,2,0.0005437775980681181,1.0,2.649510383605957,0.9054290718038529
2022,522,4,2,0.0011508883908390999,1.0,2.725313663482666,0.9036777583187391
2023,523,4,2,0.0016906543169170618,1.0,2.652211904525757,0.9054290718038529
2024,524,4,2,0.0009804920991882682,1.0,2.6810152530670166,0.9054290718038529
2025,525,4,2,0.0004973337636329234,1.0,2.7134757041931152,0.9036777583187391
2026,526,4,2,0.0009833747753873467,1.0,2.6482701301574707,0.9071803852889667
2027,527,4,2,0.0011470727622509003,1.0,2.7013347148895264,0.9036777583187391
2028,528,4,2,0.0006069891969673336,1.0,2.693103551864624,0.9054290718038529
2029,529,4,2,0.0004698559641838074,1.0,2.654526472091675,0.9054290718038529
2030,530,4,2,0.0008339351625181735,1.0,2.709566116333008,0.9036777583187391
2031,531,4,2,0.0007771405507810414,1.0,2.6749091148376465,0.9054290718038529
2032,532,4,2,0.0004070080758538097,1.0,2.667976140975952,0.9054290718038529
2033,533,4,2,0.0004561432870104909,1.0,2.7080588340759277,0.9036777583187391
2034,534,4,2,0.0006856427644379437,1.0,2.6643810272216797,0.9054290718038529
2035,535,4,2,0.0005276261945255101,1.0,2.6824445724487305,0.9054290718038529
2036,536,4,2,0.0003094102721661329,1.0,2.6989781856536865,0.9036777583187391
2037,537,4,2,0.00044369749957695603,1.0,2.6614649295806885,0.9054290718038529
2038,538,4,2,0.0005470806499943137,1.0,2.693350315093994,0.9036777583187391
2039,539,4,2,0.00036037908284924924,1.0,2.6875572204589844,0.9036777583187391
2040,540,4,2,0.0002781988005153835,1.0,2.665904998779297,0.9054290718038529
2041,541,4,2,0.00042201875476166606,1.0,2.698927640914917,0.9036777583187391
2042,542,4,2,0.0004217544919811189,1.0,2.6777238845825195,0.9054290718038529
2043,543,4,2,0.00026876654010266066,1.0,2.6751034259796143,0.9054290718038529
2044,544,4,2,0.0002767642727121711,1.0,2.6978919506073,0.9036777583187391
2045,545,4,2,0.000376080977730453,1.0,2.6714823246002197,0.9054290718038529
2046,546,4,2,0.0003221780061721802,1.0,2.6846444606781006,0.9036777583187391
2047,547,4,2,0.00022886248189024627,1.0,2.692322254180908,0.9036777583187391
2048,548,4,2,0.00027270050486549735,1.0,2.6716413497924805,0.9054290718038529
2049,549,4,2,0.00032201738213188946,1.0,2.692394733428955,0.9036777583187391
2050,550,4,2,0.0002594166435301304,1.0,2.6855874061584473,0.9054290718038529
2051,551,4,2,0.00021437574469018728,1.0,2.676678419113159,0.9054290718038529
2052,552,4,2,0.00025779043789952993,1.0,2.6950879096984863,0.9036777583187391
2053,553,4,2,0.00027311433223076165,1.0,2.6799094676971436,0.9054290718038529
2054,554,4,2,0.0002237208973383531,1.0,2.683525323867798,0.9054290718038529
2055,555,4,2,0.00020687638607341796,1.0,2.6930043697357178,0.9036777583187391
2056,556,4,2,0.00023640284780412912,1.0,2.677899122238159,0.9054290718038529
2057,557,4,2,0.0002359864884056151,1.0,2.689807415008545,0.9036777583187391
2058,558,4,2,0.00020437274361029267,1.0,2.6881282329559326,0.9054290718038529
2059,559,4,2,0.00019824516493827105,1.0,2.6802074909210205,0.9054290718038529
2060,560,4,2,0.00021351812756620347,1.0,2.6922976970672607,0.9036777583187391
2061,561,4,2,0.0002095798699883744,1.0,2.68310284614563,0.9054290718038529
2062,562,4,2,0.00019208072626497597,1.0,2.684741497039795,0.9054290718038529
2063,563,4,2,0.00018835006630979478,1.0,2.6903202533721924,0.9054290718038529
2064,564,4,2,0.0001934502797666937,1.0,2.68129563331604,0.9054290718038529
2065,565,4,2,0.00019013285054825246,1.0,2.688319683074951,0.9054290718038529
2066,566,4,2,0.0001821296027628705,1.0,2.68656325340271,0.9054290718038529
2067,567,4,2,0.00017859466606751084,1.0,2.6832356452941895,0.9054290718038529
2068,568,4,2,0.00017736339941620827,1.0,2.689424753189087,0.9054290718038529
2069,569,4,2,0.00017502362607046962,1.0,2.6841368675231934,0.9054290718038529
2070,570,4,2,0.00017245413619093597,1.0,2.6864125728607178,0.9054290718038529
2071,571,4,2,0.00016956122999545187,1.0,2.688154697418213,0.9054290718038529
2072,572,4,2,0.0001653051731409505,1.0,2.6846368312835693,0.9054290718038529
2073,573,4,2,0.00016252687782980502,1.0,2.688676595687866,0.9054290718038529
2074,574,4,2,0.00016246101586148143,1.0,2.6866681575775146,0.9054290718038529
2075,575,4,2,0.00016098229389172047,1.0,2.686901092529297,0.9054290718038529
2076,576,4,2,0.00015609737602062523,1.0,2.68864369392395,0.9054290718038529
2077,577,4,2,0.00015220175555441529,1.0,2.6864490509033203,0.9054290718038529
2078,578,4,2,0.00015230555436573923,1.0,2.6885604858398438,0.9054290718038529
2079,579,4,2,0.00015222594083752483,1.0,2.687497854232788,0.9054290718038529
2080,580,4,2,0.00014846138947177678,1.0,2.687725305557251,0.9054290718038529
2081,581,4,2,0.00014419801300391555,1.0,2.688424587249756,0.9054290718038529
2082,582,4,2,0.00014302978524938226,1.0,2.68734073638916,0.9054290718038529
2083,583,4,2,0.00014327839016914368,1.0,2.688917398452759,0.9054290718038529
2084,584,4,2,0.0001415415754308924,1.0,2.687717914581299,0.9054290718038529
2085,585,4,2,0.00013789244985673577,1.0,2.68880558013916,0.9054290718038529
2086,586,4,2,0.0001353343395749107,1.0,2.6886966228485107,0.9054290718038529
2087,587,4,2,0.000134676942252554,1.0,2.6883997917175293,0.9054290718038529
2088,588,4,2,0.0001339700975222513,1.0,2.689750909805298,0.9054290718038529
2089,589,4,2,0.0001319320290349424,1.0,2.6880316734313965,0.9054290718038529
2090,590,4,2,0.0001293867826461792,1.0,2.6896252632141113,0.9054290718038529
2091,591,4,2,0.00012755363422911614,1.0,2.688587188720703,0.9054290718038529
2092,592,4,2,0.00012616932508535683,1.0,2.68860125541687,0.9054290718038529
2093,593,4,2,0.00012470541696529835,1.0,2.6897294521331787,0.9054290718038529
2094,594,4,2,0.00012319706729613245,1.0,2.687828779220581,0.9054290718038529
2095,595,4,2,0.00012173569848528132,1.0,2.6902120113372803,0.9054290718038529
2096,596,4,2,0.00012009615602437407,1.0,2.688913583755493,0.9054290718038529
2097,597,4,2,0.00011827427806565538,1.0,2.6894350051879883,0.9054290718038529
2098,598,4,2,0.00011665538477245718,1.0,2.6901302337646484,0.9054290718038529
2099,599,4,2,0.00011535977682797238,1.0,2.688535451889038,0.9054290718038529
2100,600,4,2,0.00011427416757214814,1.0,2.690636157989502,0.9054290718038529
2101,601,4,2,0.00011295962758595124,1.0,2.688663959503174,0.9054290718038529
2102,602,4,2,0.00011126573372166604,1.0,2.6899566650390625,0.9054290718038529
2103,603,4,2,0.00010959585051750764,1.0,2.6898865699768066,0.9054290718038529
2104,604,4,2,0.00010823866614373401,1.0,2.689342498779297,0.9054290718038529
2105,605,4,2,0.00010711587674450129,1.0,2.690521717071533,0.9054290718038529
2106,606,4,2,0.00010596394713502377,1.0,2.6893632411956787,0.9054290718038529
2107,607,4,2,0.00010462946374900639,1.0,2.690309762954712,0.9054290718038529
2108,608,4,2,0.00010333582758903503,1.0,2.6901049613952637,0.9054290718038529
2109,609,4,2,0.00010222769196843728,1.0,2.689563035964966,0.9054290718038529
2110,610,4,2,0.00010129893780685961,1.0,2.6907830238342285,0.9054290718038529
2111,611,4,2,0.00010065149399451911,1.0,2.68936824798584,0.9054290718038529
2112,612,4,2,0.00010028313408838585,1.0,2.691244125366211,0.9054290718038529
2113,613,4,2,0.00010065190872410312,1.0,2.689305543899536,0.9054290718038529
2114,614,4,2,0.000102017424069345,1.0,2.69160795211792,0.9054290718038529
2115,615,4,2,0.0001052037623594515,1.0,2.6891276836395264,0.9054290718038529
2116,616,4,2,0.00011061552504543215,1.0,2.692309856414795,0.9036777583187391
2117,617,4,2,0.00012052442616550252,1.0,2.6883809566497803,0.9054290718038529
2118,618,4,2,0.00013666122686117887,1.0,2.6933560371398926,0.9036777583187391
2119,619,4,2,0.00016416338621638715,1.0,2.687181234359741,0.9054290718038529
2120,620,4,2,0.00020767725072801113,1.0,2.695066452026367,0.9036777583187391
2121,621,4,2,0.00027837924426421523,1.0,2.685368061065674,0.9071803852889667
2122,622,4,2,0.0003880799631588161,1.0,2.697730779647827,0.9036777583187391
2123,623,4,2,0.0005588720086961985,1.0,2.6826515197753906,0.9106830122591943
2124,624,4,2,0.0008087811875157058,1.0,2.701462507247925,0.9036777583187391
2125,625,4,2,0.0011614833492785692,1.0,2.6794450283050537,0.9106830122591943
2126,626,4,2,0.0015797355445101857,1.0,2.704712152481079,0.9036777583187391
2127,627,4,2,0.0019872800912708044,1.0,2.6772053241729736,0.9106830122591943
2128,628,4,2,0.002177763730287552,1.0,2.702507495880127,0.9036777583187391
2129,629,4,2,0.0019582826644182205,1.0,2.6803882122039795,0.9106830122591943
2130,630,4,2,0.0013085033278912306,1.0,2.6912600994110107,0.9036777583187391
2131,631,4,2,0.0005534498486667871,1.0,2.6899707317352295,0.9054290718038529
2132,632,4,2,0.00012692449672613293,1.0,2.6794979572296143,0.9071803852889667
2133,633,4,2,0.00021058425772935152,1.0,2.6971189975738525,0.9036777583187391
2134,634,4,2,0.0005899874959141016,1.0,2.6786837577819824,0.9089316987740805
2135,635,4,2,0.0008783648372627795,1.0,2.6924984455108643,0.9036777583187391
2136,636,4,2,0.0008399910875596106,1.0,2.687103033065796,0.9089316987740805
2137,637,4,2,0.0005306730163283646,1.0,2.681417465209961,0.9054290718038529
2138,638,4,2,0.0002204735646955669,1.0,2.695098638534546,0.9054290718038529
2139,639,4,2,0.0001282456942135468,1.0,2.6772327423095703,0.9071803852889667
2140,640,4,2,0.00024997684522531927,1.0,2.6936540603637695,0.9036777583187391
2141,641,4,2,0.00041029215208254755,1.0,2.6841013431549072,0.9089316987740805
2142,642,4,2,0.0004481451178435236,1.0,2.684652805328369,0.9054290718038529
2143,643,4,2,0.0003461888409219682,1.0,2.693716287612915,0.9054290718038529
2144,644,4,2,0.00020547139865811914,1.0,2.6781179904937744,0.9054290718038529
2145,645,4,2,0.00013428290549200028,1.0,2.696129083633423,0.9054290718038529
2146,646,4,2,0.00015399632684420794,1.0,2.6809592247009277,0.9071803852889667
2147,647,4,2,0.00020897587819490582,1.0,2.6896657943725586,0.9036777583187391
2148,648,4,2,0.00023465075355488807,1.0,2.6898529529571533,0.9071803852889667
2149,649,4,2,0.0002108938351739198,1.0,2.6812965869903564,0.9054290718038529
2150,650,4,2,0.00016476729069836438,1.0,2.6959068775177,0.9054290718038529
2151,651,4,2,0.00013070617569610476,1.0,2.679227113723755,0.9071803852889667
2152,652,4,2,0.00012037615670124069,1.0,2.6939258575439453,0.9054290718038529
2153,653,4,2,0.0001239933626493439,1.0,2.6848151683807373,0.9071803852889667
2154,654,4,2,0.0001274299866054207,1.0,2.6865997314453125,0.9054290718038529
2155,655,4,2,0.00012571652769111097,1.0,2.692288875579834,0.9054290718038529
2156,656,4,2,0.00012074861297151074,1.0,2.680809497833252,0.9054290718038529
2157,657,4,2,0.0001152597033069469,1.0,2.6953017711639404,0.9054290718038529
2158,658,4,2,0.00010736415424617007,1.0,2.6811723709106445,0.9071803852889667
2159,659,4,2,9.595217852620408e-05,1.0,2.6919610500335693,0.9054290718038529
2160,660,4,2,8.376193727599457e-05,1.0,2.686490058898926,0.9071803852889667
2161,661,4,2,7.710171485086903e-05,1.0,2.685919761657715,0.9054290718038529
2162,662,4,2,7.909816486062482e-05,1.0,2.692418336868286,0.9054290718038529
2163,663,4,2,8.640444139018655e-05,1.0,2.6819007396698,0.9054290718038529
2164,664,4,2,9.13256881176494e-05,1.0,2.694305419921875,0.9054290718038529
2165,665,4,2,8.791589789325371e-05,1.0,2.682659387588501,0.9071803852889667
2166,666,4,2,7.648398604942486e-05,1.0,2.6918551921844482,0.9054290718038529
2167,667,4,2,6.321332330117002e-05,1.0,2.6870386600494385,0.9054290718038529
2168,668,4,2,5.5440570577047765e-05,1.0,2.687171220779419,0.9054290718038529
2169,669,4,2,5.6390490499325097e-05,1.0,2.691737174987793,0.9054290718038529
2170,670,4,2,6.323820707621053e-05,1.0,2.683901309967041,0.9054290718038529
2171,671,4,2,6.996697629801929e-05,1.0,2.693681478500366,0.9054290718038529
2172,672,4,2,7.150423334678635e-05,1.0,2.6836788654327393,0.9054290718038529
2173,673,4,2,6.655848847003654e-05,1.0,2.692200183868408,0.9054290718038529
2174,674,4,2,5.801750739919953e-05,1.0,2.686232805252075,0.9054290718038529
2175,675,4,2,5.006834544474259e-05,1.0,2.68878173828125,0.9054290718038529
2176,676,4,2,4.6031938836677e-05,1.0,2.6894733905792236,0.9054290718038529
2177,677,4,2,4.6571170969400555e-05,1.0,2.685798168182373,0.9054290718038529
2178,678,4,2,4.993436232325621e-05,1.0,2.6916277408599854,0.9054290718038529
2179,679,4,2,5.346069883671589e-05,1.0,2.6846606731414795,0.9054290718038529
2180,680,4,2,5.5087279179133475e-05,1.0,2.6919426918029785,0.9054290718038529
2181,681,4,2,5.411986421677284e-05,1.0,2.6855645179748535,0.9054290718038529
2182,682,4,2,5.119772322359495e-05,1.0,2.6907241344451904,0.9054290718038529
2183,683,4,2,4.750004882225767e-05,1.0,2.6873183250427246,0.9054290718038529
2184,684,4,2,4.4370011892169714e-05,1.0,2.6888225078582764,0.9054290718038529
2185,685,4,2,4.244287993060425e-05,1.0,2.689260959625244,0.9054290718038529
2186,686,4,2,4.1733601392479613e-05,1.0,2.6874983310699463,0.9054290718038529
2187,687,4,2,4.181101030553691e-05,1.0,2.6904678344726562,0.9054290718038529
2188,688,4,2,4.215947410557419e-05,1.0,2.6867830753326416,0.9054290718038529
2189,689,4,2,4.235993401380256e-05,1.0,2.6908702850341797,0.9054290718038529
2190,690,4,2,4.2216961446683854e-05,1.0,2.68683123588562,0.9054290718038529
2191,691,4,2,4.174067726125941e-05,1.0,2.6905276775360107,0.9054290718038529
2192,692,4,2,4.110965528525412e-05,1.0,2.687256097793579,0.9054290718038529
2193,693,4,2,4.058291597175412e-05,1.0,2.6899466514587402,0.9054290718038529
2194,694,4,2,4.026071110274643e-05,1.0,2.6880288124084473,0.9054290718038529
2195,695,4,2,4.0165821701521054e-05,1.0,2.6896517276763916,0.9054290718038529
2196,696,4,2,4.026660099043511e-05,1.0,2.6885528564453125,0.9054290718038529
2197,697,4,2,4.0403141611022875e-05,1.0,2.6893231868743896,0.9054290718038529
2198,698,4,2,4.0471964894095436e-05,1.0,2.6886751651763916,0.9054290718038529
2199,699,4,2,4.039226769236848e-05,1.0,2.689225912094116,0.9054290718038529
2200,700,4,2,4.022227949462831e-05,1.0,2.688380002975464,0.9054290718038529
2201,701,4,2,4.000011904281564e-05,1.0,2.689720392227173,0.9054290718038529
2202,702,4,2,3.992209167336114e-05,1.0,2.6879587173461914,0.9054290718038529
2203,703,4,2,4.014763908344321e-05,1.0,2.690478801727295,0.9054290718038529
2204,704,4,2,4.075072502018884e-05,1.0,2.6872851848602295,0.9054290718038529
2205,705,4,2,4.188788079773076e-05,1.0,2.6913840770721436,0.9054290718038529
2206,706,4,2,4.381075996207073e-05,1.0,2.686347246170044,0.9054290718038529
2207,707,4,2,4.6812809159746394e-05,1.0,2.692464590072632,0.9054290718038529
2208,708,4,2,5.11185935465619e-05,1.0,2.685262441635132,0.9054290718038529
2209,709,4,2,5.753392179030925e-05,1.0,2.6938486099243164,0.9054290718038529
2210,710,4,2,6.649377610301599e-05,1.0,2.6839756965637207,0.9054290718038529
2211,711,4,2,7.95785163063556e-05,1.0,2.6954762935638428,0.9071803852889667
2212,712,4,2,9.803696593735367e-05,1.0,2.682105302810669,0.9054290718038529
2213,713,4,2,0.00012529536616057158,1.0,2.697570323944092,0.9071803852889667
2214,714,4,2,0.0001637066889088601,1.0,2.6795754432678223,0.9054290718038529
2215,715,4,2,0.0002199807349825278,1.0,2.700469732284546,0.9071803852889667
2216,716,4,2,0.00029972943593747914,1.0,2.6762640476226807,0.9054290718038529
2217,717,4,2,0.00041519515798427165,1.0,2.7047407627105713,0.9071803852889667
2218,718,4,2,0.0005763625958934426,1.0,2.6717369556427,0.9054290718038529
2219,719,4,2,0.0008031539618968964,1.0,2.7100703716278076,0.9071803852889667
2220,720,4,2,0.001101174857467413,1.0,2.6663098335266113,0.9054290718038529
2221,721,4,2,0.0014866688288748264,1.0,2.715216636657715,0.9071803852889667
2222,722,4,2,0.0018872267100960016,1.0,2.6625452041625977,0.9019264448336253
2223,723,4,2,0.0022319576237350702,1.0,2.7154996395111084,0.9106830122591943
2224,724,4,2,0.0022900474723428488,1.0,2.666759490966797,0.9036777583187391
2225,725,4,2,0.0019733107183128595,1.0,2.7030293941497803,0.9106830122591943
2226,726,4,2,0.0012758764205500484,1.0,2.683736562728882,0.9054290718038529
2227,727,4,2,0.0005612379172816873,1.0,2.6785354614257812,0.9071803852889667
2228,728,4,2,0.0002343540545552969,1.0,2.7056832313537598,0.9054290718038529
2229,729,4,2,0.0003895220870617777,1.0,2.6586287021636963,0.9071803852889667
2230,730,4,2,0.000755943008698523,1.0,2.71545672416687,0.9071803852889667
2231,731,4,2,0.0009548538364470005,1.0,2.6558427810668945,0.9071803852889667
2232,732,4,2,0.0008277363958768547,1.0,2.706843137741089,0.9071803852889667
2233,733,4,2,0.000472276471555233,1.0,2.6720306873321533,0.9054290718038529
2234,734,4,2,0.0001762337633408606,1.0,2.686713218688965,0.9071803852889667
2235,735,4,2,0.00011882228136528283,1.0,2.6945905685424805,0.9071803852889667
2236,736,4,2,0.00024797668447718024,1.0,2.670970916748047,0.9071803852889667
2237,737,4,2,0.00038151489570736885,1.0,2.705712080001831,0.9071803852889667
2238,738,4,2,0.00039037183159962296,1.0,2.6683506965637207,0.9071803852889667
2239,739,4,2,0.0002955986128654331,1.0,2.7005069255828857,0.9071803852889667
2240,740,4,2,0.00019348919158801436,1.0,2.6779913902282715,0.9071803852889667
2241,741,4,2,0.00015565622015856206,1.0,2.6886818408966064,0.9071803852889667
2242,742,4,2,0.00016900642367545515,1.0,2.689208507537842,0.9071803852889667
2243,743,4,2,0.0001839794567786157,1.0,2.680419683456421,0.9054290718038529
2244,744,4,2,0.00017686183855403215,1.0,2.6928703784942627,0.9071803852889667
2245,745,4,2,0.00015880988212302327,1.0,2.6802968978881836,0.9054290718038529
2246,746,4,2,0.00014666421338915825,1.0,2.688084602355957,0.9071803852889667
2247,747,4,2,0.00013775900879409164,1.0,2.68572998046875,0.9054290718038529
2248,748,4,2,0.00011917015217477456,1.0,2.681422710418701,0.9071803852889667
2249,749,4,2,9.010548092192039e-05,1.0,2.6911890506744385,0.9071803852889667
2250,750,4,2,6.628037226619199e-05,1.0,2.6782991886138916,0.9071803852889667
2251,751,4,2,6.541172479046509e-05,1.0,2.6923112869262695,0.9071803852889667
2252,752,4,2,8.343330409843475e-05,1.0,2.680382251739502,0.9054290718038529
2253,753,4,2,9.830970520852134e-05,1.0,2.6890454292297363,0.9071803852889667
2254,754,4,2,9.084233170142397e-05,1.0,2.685124397277832,0.9054290718038529
2255,755,4,2,6.291899626376107e-05,1.0,2.684201240539551,0.9071803852889667
2256,756,4,2,3.5681201552506536e-05,1.0,2.689516067504883,0.9071803852889667
2257,757,4,2,2.8806623959098943e-05,1.0,2.6807870864868164,0.9071803852889667
2258,758,4,2,4.3760646804003045e-05,1.0,2.6913902759552,0.9071803852889667
2259,759,4,2,6.398265395546332e-05,1.0,2.6802892684936523,0.9071803852889667
2260,760,4,2,7.133190229069442e-05,1.0,2.690908908843994,0.9071803852889667
2261,761,4,2,6.0221340390853584e-05,1.0,2.682055950164795,0.9071803852889667
2262,762,4,2,4.045581226819195e-05,1.0,2.6890480518341064,0.9071803852889667
2263,763,4,2,2.701982703001704e-05,1.0,2.684328556060791,0.9071803852889667
2264,764,4,2,2.8156806365586817e-05,1.0,2.687299966812134,0.9054290718038529
2265,765,4,2,4.037107282783836e-05,1.0,2.685422658920288,0.9071803852889667
2266,766,4,2,5.336051253834739e-05,1.0,2.687009572982788,0.9054290718038529
2267,767,4,2,5.8950099628418684e-05,1.0,2.6847078800201416,0.9071803852889667
2268,768,4,2,5.677711669704877e-05,1.0,2.6887123584747314,0.9054290718038529
2269,769,4,2,5.292701825965196e-05,1.0,2.682241678237915,0.9071803852889667
2270,770,4,2,5.473155397339724e-05,1.0,2.691690683364868,0.9054290718038529
2271,771,4,2,6.627125549130142e-05,1.0,2.6785597801208496,0.9071803852889667
2272,772,4,2,8.759374031797051e-05,1.0,2.6956067085266113,0.9054290718038529
2273,773,4,2,0.00011734163126675412,1.0,2.6743054389953613,0.9071803852889667
2274,774,4,2,0.00015681691002100706,1.0,2.7003660202026367,0.9036777583187391
2275,775,4,2,0.00021101215679664165,1.0,2.6695075035095215,0.9089316987740805
2276,776,4,2,0.00029023803654126823,1.0,2.7062432765960693,0.9036777583187391
2277,777,4,2,0.00040826472104527056,1.0,2.6633219718933105,0.9106830122591943
2278,778,4,2,0.0005835106130689383,1.0,2.7138447761535645,0.9036777583187391
2279,779,4,2,0.0008306701201945543,1.0,2.654829740524292,0.9106830122591943
2280,780,4,2,0.0011718020541593432,1.0,2.723618984222412,0.9036777583187391
2281,781,4,2,0.0015845067100599408,1.0,2.645293951034546,0.9106830122591943
2282,782,4,2,0.002026945585384965,1.0,2.7313740253448486,0.9036777583187391
2283,783,4,2,0.0023304347414523363,1.0,2.641608715057373,0.9106830122591943
2284,784,4,2,0.0023068124428391457,1.0,2.725247383117676,0.9036777583187391
2285,785,4,2,0.0017870357260107994,1.0,2.656214475631714,0.9106830122591943
2286,786,4,2,0.0009353074128739536,1.0,2.6967759132385254,0.9036777583187391
2287,787,4,2,0.0002070843183901161,1.0,2.6881844997406006,0.9071803852889667
2288,788,4,2,4.179462121101096e-05,1.0,2.664318323135376,0.9089316987740805
2289,789,4,2,0.0004036042664665729,1.0,2.7112762928009033,0.9036777583187391
2290,790,4,2,0.0008424688712693751,1.0,2.655261516571045,0.9106830122591943
2291,791,4,2,0.000937555858399719,1.0,2.7052369117736816,0.9036777583187391
2292,792,4,2,0.000625770480837673,1.0,2.6728055477142334,0.9071803852889667
2293,793,4,2,0.00020833307644352317,1.0,2.6793251037597656,0.9054290718038529
2294,794,4,2,4.296247425372712e-05,1.0,2.697587728500366,0.9054290718038529
2295,795,4,2,0.0001913658925332129,1.0,2.661928415298462,0.9089316987740805
2296,796,4,2,0.00041262528975494206,1.0,2.7040820121765137,0.9036777583187391
2297,797,4,2,0.0004568308941088617,1.0,2.668696403503418,0.9089316987740805
2298,798,4,2,0.00029763428028672934,1.0,2.6886439323425293,0.9054290718038529
2299,799,4,2,0.00011278974852757528,1.0,2.688955545425415,0.9071803852889667
2300,800,4,2,6.743732956238091e-05,1.0,2.670635461807251,0.9071803852889667
2301,801,4,2,0.00015118233568500727,1.0,2.7005016803741455,0.9036777583187391
2302,802,4,2,0.00022996595362201333,1.0,2.66869854927063,0.9071803852889667
2303,803,4,2,0.00021093284885864705,1.0,2.6930603981018066,0.9054290718038529
2304,804,4,2,0.00012477584823500365,1.0,2.6815950870513916,0.9071803852889667
2305,805,4,2,6.595992454094812e-05,1.0,2.678274154663086,0.9071803852889667
2306,806,4,2,7.741971057839692e-05,1.0,2.6938111782073975,0.9071803852889667
2307,807,4,2,0.00011795099271694198,1.0,2.672071695327759,0.9071803852889667
2308,808,4,2,0.00012506060011219233,1.0,2.6928694248199463,0.9054290718038529
2309,809,4,2,8.684703061589971e-05,1.0,2.6786715984344482,0.9071803852889667
2310,810,4,2,4.627692396752536e-05,1.0,2.6829333305358887,0.9054290718038529
2311,811,4,2,4.237496978021227e-05,1.0,2.6885411739349365,0.9071803852889667
2312,812,4,2,6.875133112771437e-05,1.0,2.6760025024414062,0.9071803852889667
2313,813,4,2,8.702376362634823e-05,1.0,2.691171884536743,0.9071803852889667
2314,814,4,2,7.220980478450656e-05,1.0,2.6784908771514893,0.9071803852889667
2315,815,4,2,3.800435661105439e-05,1.0,2.685229778289795,0.9071803852889667
2316,816,4,2,1.697167317615822e-05,1.0,2.685767650604248,0.9071803852889667
2317,817,4,2,2.501241942809429e-05,1.0,2.6786000728607178,0.9071803852889667
2318,818,4,2,4.7697845729999244e-05,1.0,2.6897165775299072,0.9071803852889667
2319,819,4,2,5.867505751666613e-05,1.0,2.677922010421753,0.9071803852889667
2320,820,4,2,4.680704296333715e-05,1.0,2.687001943588257,0.9071803852889667
2321,821,4,2,2.3697608412476256e-05,1.0,2.6828246116638184,0.9071803852889667
2322,822,4,2,9.626985047361813e-06,1.0,2.681459665298462,0.9071803852889667
2323,823,4,2,1.3515928912966046e-05,1.0,2.6875405311584473,0.9071803852889667
2324,824,4,2,2.69934898824431e-05,1.0,2.678846597671509,0.9071803852889667
2325,825,4,2,3.52975694113411e-05,1.0,2.687922239303589,0.9071803852889667
2326,826,4,2,3.1375679100165144e-05,1.0,2.6810503005981445,0.9071803852889667
2327,827,4,2,2.009612762776669e-05,1.0,2.684425115585327,0.9071803852889667
2328,828,4,2,1.1372632798156701e-05,1.0,2.6850218772888184,0.9071803852889667
2329,829,4,2,1.0765704246296082e-05,1.0,2.6809778213500977,0.9071803852889667
2330,830,4,2,1.5798530512256548e-05,1.0,2.686829090118408,0.9071803852889667
2331,831,4,2,1.997548133658711e-05,1.0,2.6805338859558105,0.9071803852889667
2332,832,4,2,1.9282066205050796e-05,1.0,2.685159921646118,0.9071803852889667
2333,833,4,2,1.4942822417651769e-05,1.0,2.6830320358276367,0.9071803852889667
2334,834,4,2,1.1035153875127435e-05,1.0,2.6819772720336914,0.9071803852889667
2335,835,4,2,1.038057052937802e-05,1.0,2.685774564743042,0.9071803852889667
2336,836,4,2,1.2368738680379465e-05,1.0,2.6800758838653564,0.9071803852889667
2337,837,4,2,1.4261390788306016e-05,1.0,2.6866328716278076,0.9071803852889667
2338,838,4,2,1.3975422916701064e-05,1.0,2.6806132793426514,0.9071803852889667
2339,839,4,2,1.1642402569123078e-05,1.0,2.685234308242798,0.9071803852889667
2340,840,4,2,9.205058631778229e-06,1.0,2.6825544834136963,0.9071803852889667
2341,841,4,2,8.413535397266969e-06,1.0,2.683356285095215,0.9071803852889667
2342,842,4,2,9.67174128163606e-06,1.0,2.6841177940368652,0.9071803852889667
2343,843,4,2,1.1935455404454842e-05,1.0,2.6826701164245605,0.9071803852889667
2344,844,4,2,1.3788320757157635e-05,1.0,2.684030055999756,0.9071803852889667
2345,845,4,2,1.46272977872286e-05,1.0,2.683818817138672,0.9071803852889667
2346,846,4,2,1.4997531252447516e-05,1.0,2.682184934616089,0.9071803852889667
2347,847,4,2,1.631996565265581e-05,1.0,2.6861324310302734,0.9071803852889667
2348,848,4,2,2.0102634152863175e-05,1.0,2.679457664489746,0.9071803852889667
2349,849,4,2,2.765148747130297e-05,1.0,2.6889231204986572,0.9071803852889667
2350,850,4,2,4.0193364839069545e-05,1.0,2.6767072677612305,0.9071803852889667
2351,851,4,2,6.0130711062811315e-05,1.0,2.6918838024139404,0.9071803852889667
2352,852,4,2,9.162601054413244e-05,1.0,2.673783302307129,0.9071803852889667
2353,853,4,2,0.00014303125499282032,1.0,2.6957006454467773,0.9071803852889667
2354,854,4,2,0.0002275117440149188,1.0,2.6693289279937744,0.9071803852889667
2355,855,4,2,0.0003687382268253714,1.0,2.7020111083984375,0.9071803852889667
2356,856,4,2,0.0005990080535411835,1.0,2.6613032817840576,0.9036777583187391
2357,857,4,2,0.0009811186464503407,1.0,2.712982654571533,0.9071803852889667
2358,858,4,2,0.0015776169020682573,1.0,2.6479508876800537,0.9036777583187391
2359,859,4,2,0.0025290464982390404,1.0,2.7304224967956543,0.9089316987740805
2360,860,4,2,0.0038308335933834314,1.0,2.6305124759674072,0.9036777583187391
2361,861,4,2,0.0053635877557098866,1.0,2.7457287311553955,0.9106830122591943
2362,862,4,2,0.006172591354697943,1.0,2.626044273376465,0.9036777583187391
2363,863,4,2,0.005381552502512932,1.0,2.7282536029815674,0.9071803852889667
2364,864,4,2,0.002773457206785679,1.0,2.662583589553833,0.9036777583187391
2365,865,4,2,0.0005979219567961991,1.0,2.675159215927124,0.9071803852889667
2366,866,4,2,0.0007874183938838542,1.0,2.710634708404541,0.9071803852889667
2367,867,4,2,0.0021550683304667473,1.0,2.6475844383239746,0.9036777583187391
2368,868,4,2,0.0023464008700102568,1.0,2.7058963775634766,0.9071803852889667
2369,869,4,2,0.0010979947401210666,1.0,2.6693849563598633,0.9054290718038529
2370,870,4,2,0.00043345295125618577,1.0,2.669735908508301,0.9071803852889667
2371,871,4,2,0.0011199002619832754,1.0,2.697617530822754,0.9054290718038529
2372,872,4,2,0.001558313611894846,1.0,2.6614346504211426,0.9054290718038529
2373,873,4,2,0.0008397464989684522,1.0,2.685326099395752,0.9071803852889667
2374,874,4,2,0.00010044607915915549,1.0,2.683469295501709,0.9054290718038529
2375,875,4,2,0.0004914657329209149,1.0,2.6679470539093018,0.9071803852889667
2376,876,4,2,0.0010851023253053427,1.0,2.6886227130889893,0.9054290718038529
2377,877,4,2,0.000728438317310065,1.0,2.678321361541748,0.9071803852889667
2378,878,4,2,0.00010453905269969255,1.0,2.6721956729888916,0.9071803852889667
2379,879,4,2,0.0002198640868300572,1.0,2.6909759044647217,0.9071803852889667
2380,880,4,2,0.0006195963360369205,1.0,2.6735615730285645,0.9071803852889667
2381,881,4,2,0.0004787384532392025,1.0,2.6769330501556396,0.9054290718038529
2382,882,4,2,0.00010983518586726859,1.0,2.6900861263275146,0.9071803852889667
2383,883,4,2,0.00018611324776429683,1.0,2.6647226810455322,0.9071803852889667
2384,884,4,2,0.0004224071162752807,1.0,2.6864264011383057,0.9071803852889667
2385,885,4,2,0.00028606763225980103,1.0,2.6790430545806885,0.9071803852889667
2386,886,4,2,4.6427841880358756e-05,1.0,2.66621994972229,0.9071803852889667
2387,887,4,2,0.00012841273564845324,1.0,2.6917881965637207,0.9071803852889667
2388,888,4,2,0.0002983361773658544,1.0,2.6647098064422607,0.9071803852889667
2389,889,4,2,0.00020264621707610786,1.0,2.679611921310425,0.9071803852889667
2390,890,4,2,3.0778584914514795e-05,1.0,2.6823952198028564,0.9054290718038529
2391,891,4,2,7.855434523662552e-05,1.0,2.665090799331665,0.9071803852889667
2392,892,4,2,0.00019123817037325352,1.0,2.687103748321533,0.9054290718038529
2393,893,4,2,0.00013441219925880432,1.0,2.6709587574005127,0.9071803852889667
2394,894,4,2,3.3470922062406316e-05,1.0,2.6765329837799072,0.9071803852889667
2395,895,4,2,6.573655264219269e-05,1.0,2.6818928718566895,0.9054290718038529
2396,896,4,2,0.0001273631351068616,1.0,2.6718850135803223,0.9071803852889667
2397,897,4,2,8.140975842252374e-05,1.0,2.6802048683166504,0.9054290718038529
2398,898,4,2,1.5449721104232594e-05,1.0,2.678271532058716,0.9054290718038529
2399,899,4,2,4.4895925384480506e-05,1.0,2.6760475635528564,0.9071803852889667
2400,900,4,2,9.380351548315957e-05,1.0,2.6790659427642822,0.9054290718038529
2401,901,4,2,6.431350630009547e-05,1.0,2.6791763305664062,0.9054290718038529
2402,902,4,2,1.5123438060982153e-05,1.0,2.67448091506958,0.9071803852889667
2403,903,4,2,2.652286821103189e-05,1.0,2.6820223331451416,0.9054290718038529
2404,904,4,2,5.715567385777831e-05,1.0,2.675530433654785,0.9071803852889667
2405,905,4,2,4.306367191020399e-05,1.0,2.6764559745788574,0.9054290718038529
2406,906,4,2,1.3959976058686152e-05,1.0,2.681950092315674,0.9054290718038529
2407,907,4,2,2.1436608221847564e-05,1.0,2.672269582748413,0.9071803852889667
2408,908,4,2,4.1982104448834434e-05,1.0,2.6820261478424072,0.9054290718038529
2409,909,4,2,3.220750659238547e-05,1.0,2.675832509994507,0.9071803852889667
2410,910,4,2,9.937522918335162e-06,1.0,2.6759610176086426,0.9054290718038529
2411,911,4,2,1.1911162800970487e-05,1.0,2.681140899658203,0.9071803852889667
2412,912,4,2,2.7552738174563274e-05,1.0,2.6735856533050537,0.9071803852889667
2413,913,4,2,2.5828772777458653e-05,1.0,2.6797337532043457,0.9071803852889667
2414,914,4,2,1.1279399586783256e-05,1.0,2.676959991455078,0.9071803852889667
2415,915,4,2,8.940085535869002e-06,1.0,2.676072120666504,0.9071803852889667
2416,916,4,2,1.7867389033199288e-05,1.0,2.679244041442871,0.9071803852889667
2417,917,4,2,1.8397076928522438e-05,1.0,2.6760220527648926,0.9071803852889667
2418,918,4,2,9.405784112459514e-06,1.0,2.6776440143585205,0.9071803852889667
2419,919,4,2,6.3859656620479655e-06,1.0,2.6784214973449707,0.9071803852889667
2420,920,4,2,1.2497653187892865e-05,1.0,2.676637649536133,0.9071803852889667
2421,921,4,2,1.529580185888335e-05,1.0,2.6783454418182373,0.9071803852889667
2422,922,4,2,9.800924090086482e-06,1.0,2.678210496902466,0.9071803852889667
2423,923,4,2,5.250618869467871e-06,1.0,2.6767807006835938,0.9071803852889667
2424,924,4,2,7.468665444321232e-06,1.0,2.6792845726013184,0.9071803852889667
2425,925,4,2,1.0479714546818286e-05,1.0,2.6771554946899414,0.9071803852889667
2426,926,4,2,8.59801730257459e-06,1.0,2.677825450897217,0.9071803852889667
2427,927,4,2,5.197994141781237e-06,1.0,2.679152727127075,0.9071803852889667
2428,928,4,2,5.595261427515652e-06,1.0,2.676273822784424,0.9071803852889667
2429,929,4,2,8.076820449787192e-06,1.0,2.6795337200164795,0.9071803852889667
2430,930,4,2,7.891870154708158e-06,1.0,2.677069902420044,0.9071803852889667
2431,931,4,2,5.267734650260536e-06,1.0,2.6778602600097656,0.9071803852889667
2432,932,4,2,4.08512005378725e-06,1.0,2.678823709487915,0.9071803852889667
2433,933,4,2,5.372698979044799e-06,1.0,2.676650285720825,0.9071803852889667
2434,934,4,2,6.355059667839669e-06,1.0,2.6792447566986084,0.9071803852889667
2435,935,4,2,5.343496923160274e-06,1.0,2.6772685050964355,0.9071803852889667
2436,936,4,2,4.0273494050779846e-06,1.0,2.6782543659210205,0.9071803852889667
2437,937,4,2,4.2019573811558075e-06,1.0,2.678257703781128,0.9071803852889667
2438,938,4,2,5.089834303362295e-06,1.0,2.677776336669922,0.9071803852889667
2439,939,4,2,4.9933164518733975e-06,1.0,2.6781816482543945,0.9071803852889667
2440,940,4,2,3.940811438951641e-06,1.0,2.678135395050049,0.9071803852889667
2441,941,4,2,3.355655280756764e-06,1.0,2.677532196044922,0.9071803852889667
2442,942,4,2,3.748305061890278e-06,1.0,2.6784145832061768,0.9071803852889667
2443,943,4,2,4.199552222416969e-06,1.0,2.6776645183563232,0.9071803852889667
2444,944,4,2,3.931429091608152e-06,1.0,2.677888870239258,0.9071803852889667
2445,945,4,2,3.3397388961020624e-06,1.0,2.6783931255340576,0.9071803852889667
2446,946,4,2,3.197775413354975e-06,1.0,2.677330493927002,0.9071803852889667
2447,947,4,2,3.5054101772402646e-06,1.0,2.678757429122925,0.9071803852889667
2448,948,4,2,3.6398930660652695e-06,1.0,2.6774075031280518,0.9071803852889667
2449,949,4,2,3.3206363241333747e-06,1.0,2.6782612800598145,0.9071803852889667
2450,950,4,2,2.924804448412033e-06,1.0,2.678041934967041,0.9071803852889667
2451,951,4,2,2.862727114916197e-06,1.0,2.6776790618896484,0.9071803852889667
2452,952,4,2,3.0401702133531217e-06,1.0,2.6783833503723145,0.9071803852889667
2453,953,4,2,3.0808516839897493e-06,1.0,2.677561044692993,0.9071803852889667
2454,954,4,2,2.881862656067824e-06,1.0,2.678220272064209,0.9071803852889667
2455,955,4,2,2.6701718525146134e-06,1.0,2.6778836250305176,0.9071803852889667
2456,956,4,2,2.6517591322772205e-06,1.0,2.677928924560547,0.9071803852889667
2457,957,4,2,2.7512669475981966e-06,1.0,2.677999258041382,0.9071803852889667
2458,958,4,2,2.7631908778857905e-06,1.0,2.677963972091675,0.9071803852889667
2459,959,4,2,2.6265067845088197e-06,1.0,2.677767753601074,0.9071803852889667
2460,960,4,2,2.4764267436694354e-06,1.0,2.6782078742980957,0.9071803852889667
2461,961,4,2,2.4395801574428333e-06,1.0,2.6774747371673584,0.9071803852889667
2462,962,4,2,2.481202500348445e-06,1.0,2.6783053874969482,0.9071803852889667
2463,963,4,2,2.482534227965516e-06,1.0,2.677506446838379,0.9071803852889667
2464,964,4,2,2.4034104626480257e-06,1.0,2.6781795024871826,0.9071803852889667
2465,965,4,2,2.3169354790297803e-06,1.0,2.6777384281158447,0.9071803852889667
2466,966,4,2,2.307890781594324e-06,1.0,2.67802357673645,0.9071803852889667
2467,967,4,2,2.381440708631999e-06,1.0,2.6777989864349365,0.9071803852889667
2468,968,4,2,2.483796606611577e-06,1.0,2.6781322956085205,0.9071803852889667
2469,969,4,2,2.6073312255903147e-06,1.0,2.6775577068328857,0.9071803852889667
2470,970,4,2,2.8253571144887246e-06,1.0,2.678539276123047,0.9071803852889667
2471,971,4,2,3.2762891351012513e-06,1.0,2.6770575046539307,0.9071803852889667
2472,972,4,2,4.110634108656086e-06,1.0,2.67909574508667,0.9071803852889667
2473,973,4,2,5.542479811992962e-06,1.0,2.676409959793091,0.9071803852889667
2474,974,4,2,7.97247685113689e-06,1.0,2.6798009872436523,0.9071803852889667
2475,975,4,2,1.2157672244939022e-05,1.0,2.6754395961761475,0.9071803852889667
2476,976,4,2,1.94559725059662e-05,1.0,2.681081771850586,0.9054290718038529
2477,977,4,2,3.228208879590966e-05,1.0,2.673726797103882,0.9071803852889667
2478,978,4,2,5.4934062063694e-05,1.0,2.6836044788360596,0.9054290718038529
2479,979,4,2,9.510290692560375e-05,1.0,2.670433759689331,0.9071803852889667
2480,980,4,2,0.00016675650840625167,1.0,2.6884093284606934,0.9054290718038529
2481,981,4,2,0.00029537317459471524,1.0,2.664325475692749,0.9089316987740805
2482,982,4,2,0.0005262309568934143,1.0,2.6973514556884766,0.9036777583187391
2483,983,4,2,0.0009369452600367367,1.0,2.653557777404785,0.9106830122591943
2484,984,4,2,0.001642364775761962,1.0,2.7129061222076416,0.9001751313485113
2485,985,4,2,0.0028031368274241686,1.0,2.636889934539795,0.9089316987740805
2486,986,4,2,0.004490635823458433,1.0,2.7352685928344727,0.9001751313485113
2487,987,4,2,0.006406660191714764,1.0,2.6188080310821533,0.9089316987740805
2488,988,4,2,0.007431309670209885,1.0,2.7398147583007812,0.9001751313485113
2489,989,4,2,0.006131906062364578,1.0,2.625696897506714,0.9106830122591943
2490,990,4,2,0.0027162092737853527,1.0,2.6931331157684326,0.9071803852889667
2491,991,4,2,0.00043333417852409184,1.0,2.6768436431884766,0.9001751313485113
2492,992,4,2,0.0014854413457214832,1.0,2.646573781967163,0.9106830122591943
2493,993,4,2,0.0035762349143624306,1.0,2.6980628967285156,0.8984238178633975
2494,994,4,2,0.003231683513149619,1.0,2.656393527984619,0.9089316987740805
2495,995,4,2,0.0008994686650112271,1.0,2.660388946533203,0.9071803852889667
2496,996,4,2,0.0001103916292777285,1.0,2.6907191276550293,0.9019264448336253
2497,997,4,2,0.001512087183073163,1.0,2.6436166763305664,0.9089316987740805
2498,998,4,2,0.0022205025888979435,1.0,2.676588296890259,0.9036777583187391
2499,999,4,2,0.001037375652231276,1.0,2.675171375274658,0.9054290718038529
2500,1000,4,2,0.00010869739344343543,1.0,2.6404523849487305,0.9089316987740805
2501,1001,4,2,0.0007793903350830078,1.0,2.6961872577667236,0.9036777583187391
2502,1002,4,2,0.0013881978811696172,1.0,2.6520028114318848,0.9089316987740805
2503,1003,4,2,0.0007070197607390583,1.0,2.663379192352295,0.9054290718038529
2504,1004,4,2,5.424658957053907e-05,1.0,2.6911137104034424,0.9054290718038529
2505,1005,4,2,0.00049805041635409,1.0,2.640101432800293,0.9089316987740805
2506,1006,4,2,0.0009358290117233992,1.0,2.6882565021514893,0.9054290718038529
2507,1007,4,2,0.00047641395940445364,1.0,2.6655282974243164,0.9054290718038529
2508,1008,4,2,1.454299854231067e-05,1.0,2.6530561447143555,0.9089316987740805
2509,1009,4,2,0.0003122535126749426,1.0,2.689896821975708,0.9054290718038529
2510,1010,4,2,0.0006067782524041831,1.0,2.650583505630493,0.9089316987740805
2511,1011,4,2,0.00029776868177577853,1.0,2.6716599464416504,0.9054290718038529
2512,1012,4,2,2.397954995103646e-05,1.0,2.6762137413024902,0.9054290718038529
2513,1013,4,2,0.0002363224048167467,1.0,2.653684616088867,0.9089316987740805
2514,1014,4,2,0.0003919324080925435,1.0,2.6782615184783936,0.9054290718038529
2515,1015,4,2,0.00016306639008689672,1.0,2.6668050289154053,0.9054290718038529
2516,1016,4,2,1.2100947969884146e-05,1.0,2.6615753173828125,0.9071803852889667
2517,1017,4,2,0.00017822896188590676,1.0,2.6776747703552246,0.9054290718038529
2518,1018,4,2,0.00026470841839909554,1.0,2.6632988452911377,0.9071803852889667
2519,1019,4,2,9.756234067026526e-05,1.0,2.665473222732544,0.9054290718038529
2520,1020,4,2,9.61166006163694e-06,1.0,2.676239013671875,0.9054290718038529
2521,1021,4,2,0.0001243444421561435,1.0,2.6592447757720947,0.9071803852889667
2522,1022,4,2,0.000168044280144386,1.0,2.670790433883667,0.9054290718038529
2523,1023,4,2,5.710838740924373e-05,1.0,2.6718783378601074,0.9054290718038529
2524,1024,4,2,1.3811451935907826e-05,1.0,2.6589126586914062,0.9071803852889667
2525,1025,4,2,9.226646216120571e-05,1.0,2.677340030670166,0.9054290718038529
2526,1026,4,2,0.00010936830949503928,1.0,2.6641318798065186,0.9071803852889667
2527,1027,4,2,3.1012441468192264e-05,1.0,2.6660420894622803,0.9054290718038529
2528,1028,4,2,8.492719643982127e-06,1.0,2.676312208175659,0.9054290718038529
2529,1029,4,2,6.403027509804815e-05,1.0,2.6605465412139893,0.9071803852889667
2530,1030,4,2,7.358693255810067e-05,1.0,2.6734158992767334,0.9054290718038529
2531,1031,4,2,2.1525223928620107e-05,1.0,2.669111490249634,0.9054290718038529
2532,1032,4,2,7.350878149736673e-06,1.0,2.6640865802764893,0.9071803852889667
2533,1033,4,2,4.249772973707877e-05,1.0,2.674051284790039,0.9054290718038529
2534,1034,4,2,4.725228427560069e-05,1.0,2.665011405944824,0.9054290718038529
2535,1035,4,2,1.3596431017504074e-05,1.0,2.6681668758392334,0.9054290718038529
2536,1036,4,2,5.664479886036133e-06,1.0,2.6710522174835205,0.9054290718038529
2537,1037,4,2,2.9488644941011444e-05,1.0,2.6647160053253174,0.9071803852889667
2538,1038,4,2,3.2899326470214874e-05,1.0,2.669393301010132,0.9054290718038529
2539,1039,4,2,1.005693047773093e-05,1.0,2.6689467430114746,0.9054290718038529
2540,1040,4,2,3.081829390794155e-06,1.0,2.664774179458618,0.9054290718038529
2541,1041,4,2,1.8335644199396484e-05,1.0,2.6707923412323,0.9054290718038529
2542,1042,4,2,2.224906529590953e-05,1.0,2.666731357574463,0.9054290718038529
2543,1043,4,2,8.203627658076584e-06,1.0,2.666583299636841,0.9054290718038529
2544,1044,4,2,2.6499335490370868e-06,1.0,2.6713037490844727,0.9054290718038529
2545,1045,4,2,1.2064287147950381e-05,1.0,2.664651870727539,0.9054290718038529
2546,1046,4,2,1.5451420040335506e-05,1.0,2.6701841354370117,0.9054290718038529
2547,1047,4,2,6.381132152455393e-06,1.0,2.6686010360717773,0.9054290718038529
2548,1048,4,2,1.4111343489275896e-06,1.0,2.666095495223999,0.9054290718038529
2549,1049,4,2,7.160273980844067e-06,1.0,2.6713106632232666,0.9054290718038529
2550,1050,4,2,1.080943093256792e-05,1.0,2.666229009628296,0.9054290718038529
2551,1051,4,2,5.742663688579341e-06,1.0,2.669100046157837,0.9054290718038529
2552,1052,4,2,1.4806581702941912e-06,1.0,2.6693246364593506,0.9054290718038529
2553,1053,4,2,4.314887974032899e-06,1.0,2.666673421859741,0.9054290718038529
2554,1054,4,2,7.318755706364755e-06,1.0,2.669757843017578,0.9054290718038529
2555,1055,4,2,4.662619630835252e-06,1.0,2.6679162979125977,0.9054290718038529
2556,1056,4,2,1.238486447618925e-06,1.0,2.6676716804504395,0.9054290718038529
2557,1057,4,2,2.3972268081706716e-06,1.0,2.6694631576538086,0.9054290718038529
2558,1058,4,2,4.960153546562651e-06,1.0,2.6673331260681152,0.9054290718038529
2559,1059,4,2,4.088265541213332e-06,1.0,2.668398141860962,0.9054290718038529
2560,1060,4,2,1.5321867294915137e-06,1.0,2.6690568923950195,0.9054290718038529
2561,1061,4,2,1.4495915365841938e-06,1.0,2.666825771331787,0.9054290718038529
2562,1062,4,2,3.1552901873510564e-06,1.0,2.6695125102996826,0.9054290718038529
2563,1063,4,2,3.2075804483611137e-06,1.0,2.6676247119903564,0.9054290718038529
2564,1064,4,2,1.5468076526303776e-06,1.0,2.6679320335388184,0.9054290718038529
2565,1065,4,2,9.387857744513894e-07,1.0,2.669278621673584,0.9054290718038529
2566,1066,4,2,1.973335656657582e-06,1.0,2.6669845581054688,0.9054290718038529
2567,1067,4,2,2.5389797428942984e-06,1.0,2.669241428375244,0.9054290718038529
2568,1068,4,2,1.68465828664921e-06,1.0,2.6679155826568604,0.9054290718038529
2569,1069,4,2,8.822316885925829e-07,1.0,2.667984962463379,0.9054290718038529
2570,1070,4,2,1.2348954214758123e-06,1.0,2.668954610824585,0.9054290718038529
2571,1071,4,2,1.8247528714709915e-06,1.0,2.667689085006714,0.9054290718038529
2572,1072,4,2,1.5492527154492564e-06,1.0,2.6685943603515625,0.9054290718038529
2573,1073,4,2,8.768583938945085e-07,1.0,2.668494462966919,0.9054290718038529
2574,1074,4,2,8.168470344571688e-07,1.0,2.6678781509399414,0.9054290718038529
2575,1075,4,2,1.260872295461013e-06,1.0,2.6688244342803955,0.9054290718038529
2576,1076,4,2,1.3676830121767125e-06,1.0,2.668119430541992,0.9054290718038529
2577,1077,4,2,9.760929060576018e-07,1.0,2.668194055557251,0.9054290718038529
2578,1078,4,2,7.131303618734819e-07,1.0,2.6688830852508545,0.9054290718038529
2579,1079,4,2,8.908125437301351e-07,1.0,2.667703628540039,0.9054290718038529
2580,1080,4,2,1.1001936854881933e-06,1.0,2.668907642364502,0.9054290718038529
2581,1081,4,2,9.647566230341909e-07,1.0,2.6681110858917236,0.9054290718038529
2582,1082,4,2,6.930369522706314e-07,1.0,2.6682705879211426,0.9054290718038529
2583,1083,4,2,6.574142616955214e-07,1.0,2.6687097549438477,0.9054290718038529
2584,1084,4,2,8.194921292670188e-07,1.0,2.6679253578186035,0.9054290718038529
2585,1085,4,2,8.666128223921987e-07,1.0,2.6686909198760986,0.9054290718038529
2586,1086,4,2,7.181376417975116e-07,1.0,2.6682448387145996,0.9054290718038529
2587,1087,4,2,5.948081707174424e-07,1.0,2.668266773223877,0.9054290718038529
2588,1088,4,2,6.403674888133537e-07,1.0,2.668572187423706,0.9054290718038529
2589,1089,4,2,7.326106583604997e-07,1.0,2.6681764125823975,0.9054290718038529
2590,1090,4,2,7.082592219376238e-07,1.0,2.6684257984161377,0.9054290718038529
2591,1091,4,2,5.989857072563609e-07,1.0,2.6684913635253906,0.9054290718038529
2592,1092,4,2,5.501585178535606e-07,1.0,2.668087959289551,0.9054290718038529
2593,1093,4,2,5.946089913777541e-07,1.0,2.668684482574463,0.9054290718038529
2594,1094,4,2,6.311693141469732e-07,1.0,2.668077230453491,0.9054290718038529
2595,1095,4,2,5.897172741242684e-07,1.0,2.6684794425964355,0.9054290718038529
2596,1096,4,2,5.218483920543804e-07,1.0,2.668365955352783,0.9054290718038529
2597,1097,4,2,5.050121671956731e-07,1.0,2.6682064533233643,0.9054290718038529
2598,1098,4,2,5.350746050680755e-07,1.0,2.668545961380005,0.9054290718038529
2599,1099,4,2,5.465466870191449e-07,1.0,2.668215036392212,0.9054290718038529
2600,1100,4,2,5.130779641149275e-07,1.0,2.668442964553833,0.9054290718038529
2601,1101,4,2,4.733283844871039e-07,1.0,2.668412685394287,0.9054290718038529
2602,1102,4,2,4.6763997829657455e-07,1.0,2.66825532913208,0.9054290718038529
2603,1103,4,2,4.845372814088478e-07,1.0,2.668480157852173,0.9054290718038529
2604,1104,4,2,4.872039767178649e-07,1.0,2.6682791709899902,0.9054290718038529
2605,1105,4,2,4.6384550955735904e-07,1.0,2.668339252471924,0.9054290718038529
2606,1106,4,2,4.3829749074575375e-07,1.0,2.668447494506836,0.9054290718038529
2607,1107,4,2,4.3330416588105436e-07,1.0,2.66821026802063,0.9054290718038529
2608,1108,4,2,4.4187507342030585e-07,1.0,2.668570041656494,0.9054290718038529
2609,1109,4,2,4.4175484958941524e-07,1.0,2.668233633041382,0.9054290718038529
2610,1110,4,2,4.2609312345121e-07,1.0,2.668503522872925,0.9054290718038529
2611,1111,4,2,4.091273524409189e-07,1.0,2.6683459281921387,0.9054290718038529
2612,1112,4,2,4.0476308527104266e-07,1.0,2.668389320373535,0.9054290718038529
2613,1113,4,2,4.0884702912080684e-07,1.0,2.6683595180511475,0.9054290718038529
2614,1114,4,2,4.086466560693225e-07,1.0,2.668400526046753,0.9054290718038529
2615,1115,4,2,3.996645432380319e-07,1.0,2.6682612895965576,0.9054290718038529
2616,1116,4,2,3.8974988569862035e-07,1.0,2.6685216426849365,0.9054290718038529
2617,1117,4,2,3.8818052416900173e-07,1.0,2.668135404586792,0.9054290718038529
2618,1118,4,2,3.940412511838076e-07,1.0,2.6686389446258545,0.9054290718038529
2619,1119,4,2,4.0072379192679364e-07,1.0,2.6680819988250732,0.9054290718038529
2620,1120,4,2,4.050944255595823e-07,1.0,2.6686692237854004,0.9054290718038529
2621,1121,4,2,4.126958401684533e-07,1.0,2.6680662631988525,0.9054290718038529
2622,1122,4,2,4.3157476170563314e-07,1.0,2.6686997413635254,0.9054290718038529
2623,1123,4,2,4.665692188154935e-07,1.0,2.6679842472076416,0.9054290718038529
2624,1124,4,2,5.193695642446983e-07,1.0,2.668851852416992,0.9054290718038529
2625,1125,4,2,5.952268224973523e-07,1.0,2.667759418487549,0.9054290718038529
2626,1126,4,2,7.088628422025067e-07,1.0,2.669152021408081,0.9054290718038529
2627,1127,4,2,8.85230008407234e-07,1.0,2.6673901081085205,0.9054290718038529
2628,1128,4,2,1.1618515145528363e-06,1.0,2.6695871353149414,0.9054290718038529
2629,1129,4,2,1.5907735360087827e-06,1.0,2.6668646335601807,0.9054290718038529
2630,1130,4,2,2.2577241907129064e-06,1.0,2.670199394226074,0.9054290718038529
2631,1131,4,2,3.3061426165659213e-06,1.0,2.6660990715026855,0.9054290718038529
2632,1132,4,2,4.9739783207769506e-06,1.0,2.6711766719818115,0.9054290718038529
2633,1133,4,2,7.649041435797699e-06,1.0,2.664828300476074,0.9054290718038529
2634,1134,4,2,1.197066103486577e-05,1.0,2.6728382110595703,0.9054290718038529
2635,1135,4,2,1.9014212739421055e-05,1.0,2.662665367126465,0.9054290718038529
2636,1136,4,2,3.06036054098513e-05,1.0,2.6756765842437744,0.9054290718038529
2637,1137,4,2,4.984140832675621e-05,1.0,2.6589484214782715,0.9036777583187391
2638,1138,4,2,8.201812306651846e-05,1.0,2.6805260181427,0.9054290718038529
2639,1139,4,2,0.00013612853945232928,1.0,2.6526355743408203,0.9036777583187391
2640,1140,4,2,0.0002282961504533887,1.0,2.6888952255249023,0.9071803852889667
2641,1141,4,2,0.00038504195981658995,1.0,2.641852855682373,0.9036777583187391
2642,1142,4,2,0.0006541862385347486,1.0,2.70344614982605,0.9071803852889667
2643,1143,4,2,0.001105164410546422,1.0,2.624089479446411,0.9036777583187391
2644,1144,4,2,0.001853823778219521,1.0,2.7267019748687744,0.9071803852889667
2645,1145,4,2,0.003000658703967929,1.0,2.598445415496826,0.9036777583187391
2646,1146,4,2,0.004610962700098753,1.0,2.7549545764923096,0.9071803852889667
2647,1147,4,2,0.006347308401018381,1.0,2.577840566635132,0.9036777583187391
2648,1148,4,2,0.007387909106910229,1.0,2.7542717456817627,0.9071803852889667
2649,1149,4,2,0.006378266029059887,1.0,2.6033148765563965,0.9054290718038529
2650,1150,4,2,0.0036029103212058544,1.0,2.685276746749878,0.9089316987740805
2651,1151,4,2,0.0011741669150069356,1.0,2.6825144290924072,0.9071803852889667
2652,1152,4,2,0.0012739065568894148,1.0,2.6140453815460205,0.9036777583187391
2653,1153,4,2,0.002725319704040885,1.0,2.7201626300811768,0.9071803852889667
2654,1154,4,2,0.002847412135452032,1.0,2.6269373893737793,0.9036777583187391
2655,1155,4,2,0.0013273147633299232,1.0,2.6676113605499268,0.9089316987740805
2656,1156,4,2,0.0004953432362526655,1.0,2.690162181854248,0.9071803852889667
2657,1157,4,2,0.0013549398863688111,1.0,2.623138904571533,0.9054290718038529
2658,1158,4,2,0.0019431287655606866,1.0,2.692488670349121,0.9071803852889667
2659,1159,4,2,0.001021785195916891,1.0,2.657310962677002,0.9036777583187391
2660,1160,4,2,0.00016844757192302495,1.0,2.644003391265869,0.9054290718038529
2661,1161,4,2,0.000697507057338953,1.0,2.6937620639801025,0.9071803852889667
2662,1162,4,2,0.0013071524444967508,1.0,2.642483711242676,0.9036777583187391
2663,1163,4,2,0.0007586448919028044,1.0,2.6643261909484863,0.9071803852889667
2664,1164,4,2,7.386843208223581e-05,1.0,2.6830427646636963,0.9054290718038529
2665,1165,4,2,0.00038859935011714697,1.0,2.637633800506592,0.9054290718038529
2666,1166,4,2,0.0008330033742822707,1.0,2.6775825023651123,0.9071803852889667
2667,1167,4,2,0.0004901127540506423,1.0,2.666611671447754,0.9054290718038529
2668,1168,4,2,8.091257041087374e-05,1.0,2.641167163848877,0.9054290718038529
2669,1169,4,2,0.00029636159888468683,1.0,2.6848084926605225,0.9054290718038529
2670,1170,4,2,0.0005050726467743516,1.0,2.6494691371917725,0.9036777583187391
2671,1171,4,2,0.0002479716786183417,1.0,2.6536481380462646,0.9071803852889667
2672,1172,4,2,7.573940820293501e-05,1.0,2.681551933288574,0.9054290718038529
2673,1173,4,2,0.00027197555755265057,1.0,2.6388940811157227,0.9036777583187391
2674,1174,4,2,0.0003264806582592428,1.0,2.6694273948669434,0.9054290718038529
2675,1175,4,2,9.669257269706577e-05,1.0,2.6682047843933105,0.9054290718038529
2676,1176,4,2,4.719915159512311e-05,1.0,2.641988754272461,0.9036777583187391
2677,1177,4,2,0.00022288812033366412,1.0,2.6794137954711914,0.9054290718038529
2678,1178,4,2,0.00021630174887832254,1.0,2.653850555419922,0.9036777583187391
2679,1179,4,2,4.2238410969730467e-05,1.0,2.6546781063079834,0.9054290718038529
2680,1180,4,2,3.66410895367153e-05,1.0,2.676964521408081,0.9054290718038529
2681,1181,4,2,0.000154215405927971,1.0,2.6466710567474365,0.9036777583187391
2682,1182,4,2,0.00012967291695531458,1.0,2.666177272796631,0.9054290718038529
2683,1183,4,2,2.67291452473728e-05,1.0,2.6665282249450684,0.9054290718038529
2684,1184,4,2,4.443088255356997e-05,1.0,2.649399995803833,0.9036777583187391
2685,1185,4,2,0.00010490090062376112,1.0,2.6710996627807617,0.9054290718038529
2686,1186,4,2,6.62307211314328e-05,1.0,2.658231019973755,0.9054290718038529
2687,1187,4,2,1.3436260815069545e-05,1.0,2.65639328956604,0.9054290718038529
2688,1188,4,2,4.509566497290507e-05,1.0,2.6694931983947754,0.9054290718038529
2689,1189,4,2,7.467200339306146e-05,1.0,2.6545567512512207,0.9054290718038529
2690,1190,4,2,3.483286491245963e-05,1.0,2.661149263381958,0.9054290718038529
2691,1191,4,2,6.541092261613812e-06,1.0,2.6654326915740967,0.9054290718038529
2692,1192,4,2,3.547007145243697e-05,1.0,2.654416084289551,0.9054290718038529
2693,1193,4,2,4.937383710057475e-05,1.0,2.664205551147461,0.9054290718038529
2694,1194,4,2,1.9354798496351577e-05,1.0,2.661957263946533,0.9054290718038529
2695,1195,4,2,6.8170861595717724e-06,1.0,2.656010866165161,0.9054290718038529
2696,1196,4,2,2.7888330805581063e-05,1.0,2.665874719619751,0.9054290718038529
2697,1197,4,2,3.108919190708548e-05,1.0,2.6585569381713867,0.9054290718038529
2698,1198,4,2,9.414756277692504e-06,1.0,2.6587281227111816,0.9054290718038529
2699,1199,4,2,5.5051600611477625e-06,1.0,2.665607452392578,0.9054290718038529
2700,1200,4,2,2.1199432012508623e-05,1.0,2.6566476821899414,0.9054290718038529
2701,1201,4,2,2.10618873097701e-05,1.0,2.6625607013702393,0.9054290718038529
2702,1202,4,2,5.8494169934419915e-06,1.0,2.6632416248321533,0.9054290718038529
2703,1203,4,2,4.098978934052866e-06,1.0,2.6571528911590576,0.9054290718038529
2704,1204,4,2,1.3951384062238503e-05,1.0,2.664933443069458,0.9054290718038529
2705,1205,4,2,1.3164745723770466e-05,1.0,2.6600234508514404,0.9054290718038529
2706,1206,4,2,4.39284758613212e-06,1.0,2.6595335006713867,0.9054290718038529
2707,1207,4,2,4.50167317467276e-06,1.0,2.6647703647613525,0.9054290718038529
2708,1208,4,2,1.0046223906101659e-05,1.0,2.6584041118621826,0.9054290718038529
2709,1209,4,2,7.92238370195264e-06,1.0,2.6622538566589355,0.9054290718038529
2710,1210,4,2,2.110814421030227e-06,1.0,2.662870168685913,0.9054290718038529
2711,1211,4,2,3.283088744865381e-06,1.0,2.658597469329834,0.9054290718038529
2712,1212,4,2,7.610465218022e-06,1.0,2.663726806640625,0.9054290718038529
2713,1213,4,2,6.0156539802846964e-06,1.0,2.660586357116699,0.9054290718038529
2714,1214,4,2,1.5924161971270223e-06,1.0,2.6600711345672607,0.9054290718038529
2715,1215,4,2,1.9084620817011455e-06,1.0,2.6637485027313232,0.9054290718038529
2716,1216,4,2,4.800414444616763e-06,1.0,2.6592915058135986,0.9054290718038529
2717,1217,4,2,4.194456778350286e-06,1.0,2.662119150161743,0.9054290718038529
2718,1218,4,2,1.5766865999466972e-06,1.0,2.66235613822937,0.9054290718038529
2719,1219,4,2,1.6515569996045087e-06,1.0,2.65952205657959,0.9054290718038529
2720,1220,4,2,3.3309786431345856e-06,1.0,2.6632678508758545,0.9054290718038529
2721,1221,4,2,2.879184876292129e-06,1.0,2.660595417022705,0.9054290718038529
2722,1222,4,2,1.1275102451691055e-06,1.0,2.6610419750213623,0.9054290718038529
2723,1223,4,2,1.128663257077278e-06,1.0,2.662895679473877,0.9054290718038529
2724,1224,4,2,2.3290560875466326e-06,1.0,2.6601052284240723,0.9054290718038529
2725,1225,4,2,2.2017995888745645e-06,1.0,2.6623706817626953,0.9054290718038529
2726,1226,4,2,1.0226566473647836e-06,1.0,2.6617517471313477,0.9054290718038529
2727,1227,4,2,8.47385308588855e-07,1.0,2.66074275970459,0.9054290718038529
2728,1228,4,2,1.6034135796871851e-06,1.0,2.6625492572784424,0.9054290718038529
2729,1229,4,2,1.6258536561508663e-06,1.0,2.6610379219055176,0.9054290718038529
2730,1230,4,2,8.364679047190293e-07,1.0,2.6614863872528076,0.9054290718038529
2731,1231,4,2,5.918624310652376e-07,1.0,2.6622812747955322,0.9054290718038529
2732,1232,4,2,1.1075943575633573e-06,1.0,2.660907030105591,0.9054290718038529
2733,1233,4,2,1.2992923075216822e-06,1.0,2.662022113800049,0.9054290718038529
2734,1234,4,2,8.275873142338241e-07,1.0,2.6618521213531494,0.9054290718038529
2735,1235,4,2,5.06830303947936e-07,1.0,2.660973072052002,0.9054290718038529
2736,1236,4,2,7.25643928944919e-07,1.0,2.6623504161834717,0.9054290718038529
2737,1237,4,2,9.123102131525229e-07,1.0,2.661134719848633,0.9054290718038529
2738,1238,4,2,6.903068197061657e-07,1.0,2.661529302597046,0.9054290718038529
2739,1239,4,2,4.6212073812057497e-07,1.0,2.6621313095092773,0.9054290718038529
2740,1240,4,2,5.729378358410031e-07,1.0,2.6608283519744873,0.9054290718038529
2741,1241,4,2,7.368024057541334e-07,1.0,2.6622154712677,0.9054290718038529
2742,1242,4,2,6.197893753778771e-07,1.0,2.6613948345184326,0.9054290718038529
2743,1243,4,2,4.023689825771726e-07,1.0,2.6613640785217285,0.9054290718038529
2744,1244,4,2,3.9974787569008186e-07,1.0,2.6621429920196533,0.9054290718038529
2745,1245,4,2,5.34438129307091e-07,1.0,2.661052942276001,0.9054290718038529
2746,1246,4,2,5.352424636839714e-07,1.0,2.661972761154175,0.9054290718038529
2747,1247,4,2,4.027263003081316e-07,1.0,2.661611795425415,0.9054290718038529
2748,1248,4,2,3.478449457361421e-07,1.0,2.6613686084747314,0.9054290718038529
2749,1249,4,2,4.162641573657311e-07,1.0,2.6620256900787354,0.9054290718038529
2750,1250,4,2,4.5055273290017794e-07,1.0,2.661367893218994,0.9054290718038529
2751,1251,4,2,3.7693851595577144e-07,1.0,2.6617326736450195,0.9054290718038529
2752,1252,4,2,3.0546212315130106e-07,1.0,2.6618168354034424,0.9054290718038529
2753,1253,4,2,3.2231042723651626e-07,1.0,2.661407232284546,0.9054290718038529
2754,1254,4,2,3.627196747402195e-07,1.0,2.6619224548339844,0.9054290718038529
2755,1255,4,2,3.409360829209618e-07,1.0,2.6615712642669678,0.9054290718038529
2756,1256,4,2,2.8602937618416036e-07,1.0,2.6615922451019287,0.9054290718038529
2757,1257,4,2,2.746882330484368e-07,1.0,2.661888599395752,0.9054290718038529
2758,1258,4,2,3.0417319862863224e-07,1.0,2.66141414642334,0.9054290718038529
2759,1259,4,2,3.106334816038725e-07,1.0,2.6618168354034424,0.9054290718038529
2760,1260,4,2,2.7549950232241827e-07,1.0,2.6616265773773193,0.9054290718038529
2761,1261,4,2,2.4402424969593994e-07,1.0,2.661536693572998,0.9054290718038529
2762,1262,4,2,2.472081632731715e-07,1.0,2.661839008331299,0.9054290718038529
2763,1263,4,2,2.60495482962142e-07,1.0,2.6614933013916016,0.9054290718038529
2764,1264,4,2,2.5168569095512794e-07,1.0,2.661740779876709,0.9054290718038529
2765,1265,4,2,2.286882221369524e-07,1.0,2.661709785461426,0.9054290718038529
2766,1266,4,2,2.1969145791445044e-07,1.0,2.66153883934021,0.9054290718038529
2767,1267,4,2,2.276637900422429e-07,1.0,2.6618266105651855,0.9054290718038529
2768,1268,4,2,2.3028771067856724e-07,1.0,2.6615684032440186,0.9054290718038529
2769,1269,4,2,2.1699067076497158e-07,1.0,2.661691665649414,0.9054290718038529
2770,1270,4,2,2.019021536625587e-07,1.0,2.6617650985717773,0.9054290718038529
2771,1271,4,2,1.9913062487830757e-07,1.0,2.6615400314331055,0.9054290718038529
2772,1272,4,2,2.0289283497731958e-07,1.0,2.6618382930755615,0.9054290718038529
2773,1273,4,2,1.9972129905454494e-07,1.0,2.6615920066833496,0.9054290718038529
2774,1274,4,2,1.8845098281872197e-07,1.0,2.6617133617401123,0.9054290718038529
2775,1275,4,2,1.7968764609577192e-07,1.0,2.661741256713867,0.9054290718038529
2776,1276,4,2,1.7846890898454149e-07,1.0,2.661604642868042,0.9054290718038529
2777,1277,4,2,1.7919187200732267e-07,1.0,2.661794900894165,0.9054290718038529
2778,1278,4,2,1.7492689607934153e-07,1.0,2.66164493560791,0.9054290718038529
2779,1279,4,2,1.6735921803956444e-07,1.0,2.66171932220459,0.9054290718038529
2780,1280,4,2,1.6271494018837984e-07,1.0,2.6617441177368164,0.9054290718038529
2781,1281,4,2,1.6214100639899698e-07,1.0,2.6616501808166504,0.9054290718038529
2782,1282,4,2,1.6138835690071573e-07,1.0,2.6617491245269775,0.9054290718038529
2783,1283,4,2,1.5727390234587801e-07,1.0,2.661691188812256,0.9054290718038529
2784,1284,4,2,1.5159780275553203e-07,1.0,2.661677837371826,0.9054290718038529
2785,1285,4,2,1.4794861158407002e-07,1.0,2.661764144897461,0.9054290718038529
2786,1286,4,2,1.4673237558326946e-07,1.0,2.661644458770752,0.9054290718038529
2787,1287,4,2,1.451389408657633e-07,1.0,2.6617767810821533,0.9054290718038529
2788,1288,4,2,1.4151505922654906e-07,1.0,2.6616947650909424,0.9054290718038529
2789,1289,4,2,1.372287670164951e-07,1.0,2.6617071628570557,0.9054290718038529
2790,1290,4,2,1.343451856428146e-07,1.0,2.661752939224243,0.9054290718038529
2791,1291,4,2,1.3280684640903928e-07,1.0,2.661670684814453,0.9054290718038529
2792,1292,4,2,1.310069137616665e-07,1.0,2.6617565155029297,0.9054290718038529
2793,1293,4,2,1.2789665504442382e-07,1.0,2.6617047786712646,0.9054290718038529
2794,1294,4,2,1.2441807939467253e-07,1.0,2.661710500717163,0.9054290718038529
2795,1295,4,2,1.2186796993773896e-07,1.0,2.6617560386657715,0.9054290718038529
2796,1296,4,2,1.201486128366014e-07,1.0,2.661672353744507,0.9054290718038529
2797,1297,4,2,1.1840244695804358e-07,1.0,2.661764144897461,0.9054290718038529
2798,1298,4,2,1.1606075389636317e-07,1.0,2.661694049835205,0.9054290718038529
2799,1299,4,2,1.1338519811943115e-07,1.0,2.6617355346679688,0.9054290718038529
2800,1300,4,2,1.1122877907610018e-07,1.0,2.6617305278778076,0.9054290718038529
2801,1301,4,2,1.0953478124520188e-07,1.0,2.661726951599121,0.9054290718038529
2802,1302,4,2,1.0797654681482527e-07,1.0,2.6617400646209717,0.9054290718038529
2803,1303,4,2,1.0605889855241912e-07,1.0,2.6617348194122314,0.9054290718038529
2804,1304,4,2,1.0393180360779297e-07,1.0,2.6617181301116943,0.9054290718038529
2805,1305,4,2,1.0212550449750779e-07,1.0,2.6617674827575684,0.9054290718038529
2806,1306,4,2,1.0078371559529842e-07,1.0,2.661689281463623,0.9054290718038529
2807,1307,4,2,9.96590401314279e-08,1.0,2.6617748737335205,0.9054290718038529
2808,1308,4,2,9.85430759214978e-08,1.0,2.661698341369629,0.9054290718038529
2809,1309,4,2,9.770788267360331e-08,1.0,2.6617672443389893,0.9054290718038529
2810,1310,4,2,9.728201177949813e-08,1.0,2.661707878112793,0.9054290718038529
2811,1311,4,2,9.797601308036974e-08,1.0,2.6617579460144043,0.9054290718038529
2812,1312,4,2,9.969174641355494e-08,1.0,2.6617045402526855,0.9054290718038529
2813,1313,4,2,1.0287661922347979e-07,1.0,2.661775827407837,0.9054290718038529
2814,1314,4,2,1.0825795726532306e-07,1.0,2.661665678024292,0.9054290718038529
2815,1315,4,2,1.1716205250422718e-07,1.0,2.6618316173553467,0.9054290718038529
2816,1316,4,2,1.317334437089812e-07,1.0,2.6616241931915283,0.9054290718038529
2817,1317,4,2,1.5449364809683175e-07,1.0,2.6618876457214355,0.9054290718038529
2818,1318,4,2,1.8964973946822283e-07,1.0,2.6615607738494873,0.9054290718038529
2819,1319,4,2,2.441929609631188e-07,1.0,2.6619551181793213,0.9054290718038529
2820,1320,4,2,3.2904893032537075e-07,1.0,2.661484479904175,0.9054290718038529
2821,1321,4,2,4.6220282001741e-07,1.0,2.6620535850524902,0.9054290718038529
2822,1322,4,2,6.714417395414785e-07,1.0,2.661358118057251,0.9054290718038529
2823,1323,4,2,1.003723923531652e-06,1.0,2.6622331142425537,0.9054290718038529
2824,1324,4,2,1.5317799579861457e-06,1.0,2.661133050918579,0.9054290718038529
2825,1325,4,2,2.383043920417549e-06,1.0,2.6625311374664307,0.9054290718038529
2826,1326,4,2,3.7666497973987134e-06,1.0,2.660752534866333,0.9054290718038529
2827,1327,4,2,6.035377737134695e-06,1.0,2.663039445877075,0.9054290718038529
2828,1328,4,2,9.764375136001036e-06,1.0,2.660123109817505,0.9054290718038529
2829,1329,4,2,1.5953750335029326e-05,1.0,2.6638875007629395,0.9071803852889667
2830,1330,4,2,2.628416768857278e-05,1.0,2.6590757369995117,0.9036777583187391
2831,1331,4,2,4.3839088903041556e-05,1.0,2.6653246879577637,0.9071803852889667
2832,1332,4,2,7.355675188591704e-05,1.0,2.6572370529174805,0.9036777583187391
2833,1333,4,2,0.0001250768400495872,1.0,2.6678786277770996,0.9071803852889667
2834,1334,4,2,0.00021355482749640942,1.0,2.654052495956421,0.9036777583187391
2835,1335,4,2,0.0003693573526106775,1.0,2.6723294258117676,0.9071803852889667
2836,1336,4,2,0.0006343197892419994,1.0,2.6485090255737305,0.9036777583187391
2837,1337,4,2,0.0011066796723753214,1.0,2.6799581050872803,0.9089316987740805
2838,1338,4,2,0.0018707362469285727,1.0,2.639648199081421,0.9036777583187391
2839,1339,4,2,0.0031724711880087852,1.0,2.691244125366211,0.9089316987740805
2840,1340,4,2,0.004936416167765856,1.0,2.629812479019165,0.9019264448336253
2841,1341,4,2,0.00708779925480485,1.0,2.6975462436676025,0.9106830122591943
2842,1342,4,2,0.008085084147751331,1.0,2.633021354675293,0.9019264448336253
2843,1343,4,2,0.006612706929445267,1.0,2.6687495708465576,0.9089316987740805
2844,1344,4,2,0.0029192992951720953,1.0,2.670377731323242,0.9001751313485113
2845,1345,4,2,0.0009339421521872282,1.0,2.6245594024658203,0.9071803852889667
2846,1346,4,2,0.0024047086481004953,1.0,2.6950888633728027,0.9019264448336253
2847,1347,4,2,0.003728658426553011,1.0,2.6242082118988037,0.9054290718038529
2848,1348,4,2,0.002218056470155716,1.0,2.6552655696868896,0.9054290718038529
2849,1349,4,2,0.00017556289094500244,1.0,2.6661105155944824,0.9054290718038529
2850,1350,4,2,0.0008833972387947142,1.0,2.617805004119873,0.9054290718038529
2851,1351,4,2,0.0022815088741481304,1.0,2.6739301681518555,0.9054290718038529
2852,1352,4,2,0.001429945114068687,1.0,2.6409218311309814,0.9089316987740805
2853,1353,4,2,0.0002267639065394178,1.0,2.6382803916931152,0.9036777583187391
2854,1354,4,2,0.0008843837422318757,1.0,2.6667256355285645,0.9089316987740805
2855,1355,4,2,0.0014704475179314613,1.0,2.6386561393737793,0.9036777583187391
2856,1356,4,2,0.0005422115791589022,1.0,2.6454834938049316,0.9036777583187391
2857,1357,4,2,8.638957660878077e-05,1.0,2.6646056175231934,0.9054290718038529
2858,1358,4,2,0.0007960955845192075,1.0,2.6364405155181885,0.9036777583187391
2859,1359,4,2,0.0008151637157425284,1.0,2.6524734497070312,0.9054290718038529
2860,1360,4,2,0.00015039273421280086,1.0,2.660367488861084,0.9054290718038529
2861,1361,4,2,0.0002892694901674986,1.0,2.630221128463745,0.9054290718038529
2862,1362,4,2,0.0007020264165475965,1.0,2.6575632095336914,0.9054290718038529
2863,1363,4,2,0.0003432919620536268,1.0,2.644984483718872,0.9054290718038529
2864,1364,4,2,4.408742461237125e-05,1.0,2.6349527835845947,0.9036777583187391
2865,1365,4,2,0.0003501051396597177,1.0,2.656111240386963,0.9054290718038529
2866,1366,4,2,0.00038602249696850777,1.0,2.640742301940918,0.9036777583187391
2867,1367,4,2,6.437252159230411e-05,1.0,2.640857219696045,0.9036777583187391
2868,1368,4,2,0.00012442542356438935,1.0,2.6547634601593018,0.9054290718038529
2869,1369,4,2,0.0003288947918917984,1.0,2.6408603191375732,0.9036777583187391
2870,1370,4,2,0.00016501265054102987,1.0,2.6425092220306396,0.9054290718038529
2871,1371,4,2,3.4370346838841215e-05,1.0,2.6552278995513916,0.9054290718038529
2872,1372,4,2,0.00018457096302881837,1.0,2.637406349182129,0.9036777583187391
2873,1373,4,2,0.00018843683938030154,1.0,2.649390459060669,0.9054290718038529
2874,1374,4,2,2.769843013084028e-05,1.0,2.6505184173583984,0.9054290718038529
2875,1375,4,2,6.260266673052683e-05,1.0,2.6386499404907227,0.9036777583187391
2876,1376,4,2,0.0001552423636894673,1.0,2.6523895263671875,0.9054290718038529
2877,1377,4,2,7.073541200952604e-05,1.0,2.6466243267059326,0.9054290718038529
2878,1378,4,2,1.9120780052617192e-05,1.0,2.6429646015167236,0.9036777583187391
2879,1379,4,2,9.756665531313047e-05,1.0,2.6509525775909424,0.9054290718038529
2880,1380,4,2,9.38438024604693e-05,1.0,2.646498680114746,0.9036777583187391
2881,1381,4,2,1.7349620975437574e-05,1.0,2.6433229446411133,0.9036777583187391
2882,1382,4,2,3.60537160304375e-05,1.0,2.6517422199249268,0.9054290718038529
2883,1383,4,2,7.542845560237765e-05,1.0,2.643646717071533,0.9036777583187391
2884,1384,4,2,3.2194406230701134e-05,1.0,2.6455605030059814,0.9036777583187391
2885,1385,4,2,7.236966212076368e-06,1.0,2.651019811630249,0.9054290718038529
2886,1386,4,2,4.513475141720846e-05,1.0,2.642648935317993,0.9036777583187391
2887,1387,4,2,4.556151543511078e-05,1.0,2.648447275161743,0.9036777583187391
2888,1388,4,2,1.0200127690040972e-05,1.0,2.6484460830688477,0.9054290718038529
2889,1389,4,2,1.9235130821471103e-05,1.0,2.644218683242798,0.9036777583187391
2890,1390,4,2,4.010128395748325e-05,1.0,2.6487574577331543,0.9054290718038529
2891,1391,4,2,1.9945193344028667e-05,1.0,2.6479132175445557,0.9036777583187391
2892,1392,4,2,5.055316250945907e-06,1.0,2.644113779067993,0.9036777583187391
2893,1393,4,2,2.15433283301536e-05,1.0,2.6499783992767334,0.9054290718038529
2894,1394,4,2,2.306226633663755e-05,1.0,2.6459903717041016,0.9036777583187391
2895,1395,4,2,5.373808562580962e-06,1.0,2.6458921432495117,0.9036777583187391
2896,1396,4,2,7.045498477964429e-06,1.0,2.649834632873535,0.9054290718038529
2897,1397,4,2,1.8541508325142786e-05,1.0,2.6454031467437744,0.9036777583187391
2898,1398,4,2,1.1670032108668238e-05,1.0,2.6482300758361816,0.9054290718038529
2899,1399,4,2,3.107878455921309e-06,1.0,2.648834466934204,0.9054290718038529
2900,1400,4,2,1.0072657460113987e-05,1.0,2.6465158462524414,0.9036777583187391
2901,1401,4,2,1.3521949767891783e-05,1.0,2.6484079360961914,0.9054290718038529
2902,1402,4,2,5.378150945034577e-06,1.0,2.648928642272949,0.9054290718038529
2903,1403,4,2,3.4739873626676854e-06,1.0,2.646209239959717,0.9036777583187391
2904,1404,4,2,9.0940839072573e-06,1.0,2.649512529373169,0.9054290718038529
2905,1405,4,2,7.532056315540103e-06,1.0,2.647461175918579,0.9054290718038529
2906,1406,4,2,2.0225863863743143e-06,1.0,2.6470441818237305,0.9054290718038529
2907,1407,4,2,3.56026180270419e-06,1.0,2.649055242538452,0.9054290718038529
2908,1408,4,2,6.5780982367869e-06,1.0,2.6467196941375732,0.9054290718038529
2909,1409,4,2,3.7175786928855814e-06,1.0,2.647580862045288,0.9054290718038529
2910,1410,4,2,1.300872440879175e-06,1.0,2.6485507488250732,0.9054290718038529
2911,1411,4,2,3.6837304833170492e-06,1.0,2.6468350887298584,0.9054290718038529
2912,1412,4,2,4.631212505046278e-06,1.0,2.6482436656951904,0.9054290718038529
2913,1413,4,2,2.0943039089615922e-06,1.0,2.648385524749756,0.9054290718038529
2914,1414,4,2,1.5859652648941847e-06,1.0,2.646848201751709,0.9054290718038529
2915,1415,4,2,3.454559646343114e-06,1.0,2.6490166187286377,0.9054290718038529
2916,1416,4,2,3.1644876798964106e-06,1.0,2.6474170684814453,0.9054290718038529
2917,1417,4,2,1.4329744999486138e-06,1.0,2.6477906703948975,0.9054290718038529
2918,1418,4,2,1.7552348481331137e-06,1.0,2.648399829864502,0.9054290718038529
2919,1419,4,2,2.8312342692515813e-06,1.0,2.6476428508758545,0.9054290718038529
2920,1420,4,2,2.1044022560090525e-06,1.0,2.6477482318878174,0.9054290718038529
2921,1421,4,2,1.116335511142097e-06,1.0,2.648573160171509,0.9054290718038529
2922,1422,4,2,1.648431180001353e-06,1.0,2.6471073627471924,0.9054290718038529
2923,1423,4,2,2.1404500785138225e-06,1.0,2.648517608642578,0.9054290718038529
2924,1424,4,2,1.4260583611758193e-06,1.0,2.6478233337402344,0.9054290718038529
2925,1425,4,2,9.637424227548763e-07,1.0,2.6477086544036865,0.9054290718038529
2926,1426,4,2,1.4545688600264839e-06,1.0,2.6482391357421875,0.9054290718038529
2927,1427,4,2,1.6176029475900577e-06,1.0,2.647939682006836,0.9054290718038529
2928,1428,4,2,1.0759340511867777e-06,1.0,2.647645950317383,0.9054290718038529
2929,1429,4,2,9.183134466184129e-07,1.0,2.6486387252807617,0.9054290718038529
2930,1430,4,2,1.301816610066453e-06,1.0,2.6473734378814697,0.9054290718038529
2931,1431,4,2,1.3318650644578156e-06,1.0,2.648470401763916,0.9054290718038529
2932,1432,4,2,9.92993705040135e-07,1.0,2.647878408432007,0.9054290718038529
2933,1433,4,2,1.0169273991778027e-06,1.0,2.6479804515838623,0.9054290718038529
2934,1434,4,2,1.337092612629931e-06,1.0,2.6479499340057373,0.9054290718038529
2935,1435,4,2,1.385090513394971e-06,1.0,2.6482346057891846,0.9054290718038529
2936,1436,4,2,1.2874570529675111e-06,1.0,2.647439956665039,0.9054290718038529
2937,1437,4,2,1.5152915011640289e-06,1.0,2.648721218109131,0.9054290718038529
2938,1438,4,2,1.9570272797864163e-06,1.0,2.6472342014312744,0.9054290718038529
2939,1439,4,2,2.291746568516828e-06,1.0,2.6486995220184326,0.9054290718038529
2940,1440,4,2,2.700850927794818e-06,1.0,2.6474428176879883,0.9054290718038529
2941,1441,4,2,3.5390257835388184e-06,1.0,2.648688793182373,0.9054290718038529
2942,1442,4,2,4.788262685906375e-06,1.0,2.6472349166870117,0.9054290718038529
2943,1443,4,2,6.393574949470349e-06,1.0,2.649254322052002,0.9036777583187391
2944,1444,4,2,8.717927812540438e-06,1.0,2.6465489864349365,0.9054290718038529
2945,1445,4,2,1.2292089195398148e-05,1.0,2.6500134468078613,0.9036777583187391
2946,1446,4,2,1.7618720448808745e-05,1.0,2.64587664604187,0.9054290718038529
2947,1447,4,2,2.5420182282687165e-05,1.0,2.650634527206421,0.9036777583187391
2948,1448,4,2,3.7190253351582214e-05,1.0,2.6451289653778076,0.9054290718038529
2949,1449,4,2,5.513289215741679e-05,1.0,2.6517012119293213,0.9036777583187391
2950,1450,4,2,8.256850560428575e-05,1.0,2.643636465072632,0.9089316987740805
2951,1451,4,2,0.00012443347077351063,1.0,2.65378475189209,0.9036777583187391
2952,1452,4,2,0.00018893741071224213,1.0,2.641080856323242,0.9089316987740805
2953,1453,4,2,0.0002882205881178379,1.0,2.657072067260742,0.9036777583187391
2954,1454,4,2,0.000440923438873142,1.0,2.637523889541626,0.9089316987740805
2955,1455,4,2,0.0006733027403242886,1.0,2.6618947982788086,0.9001751313485113
2956,1456,4,2,0.0010213585337623954,1.0,2.632730007171631,0.9089316987740805
2957,1457,4,2,0.001516855088993907,1.0,2.668308734893799,0.8984238178633975
2958,1458,4,2,0.002185111865401268,1.0,2.626943588256836,0.9089316987740805
2959,1459,4,2,0.0029601561836898327,1.0,2.6744256019592285,0.8984238178633975
2960,1460,4,2,0.0036938285920768976,1.0,2.623119592666626,0.9106830122591943
2961,1461,4,2,0.0039775436744093895,1.0,2.6725339889526367,0.8984238178633975
2962,1462,4,2,0.0034794060047715902,1.0,2.627361536026001,0.9089316987740805
2963,1463,4,2,0.0021637447644025087,1.0,2.655830144882202,0.9036777583187391
2964,1464,4,2,0.0007217810489237309,1.0,2.6430482864379883,0.9054290718038529
2965,1465,4,2,2.1436428141896613e-05,1.0,2.636289358139038,0.9089316987740805
2966,1466,4,2,0.00035221665166318417,1.0,2.6588826179504395,0.9001751313485113
2967,1467,4,2,0.0011645067716017365,1.0,2.6290900707244873,0.9089316987740805
2968,1468,4,2,0.0016219355165958405,1.0,2.6594595909118652,0.9001751313485113
2969,1469,4,2,0.0013214679202064872,1.0,2.63604474067688,0.9089316987740805
2970,1470,4,2,0.0005598654970526695,1.0,2.6450021266937256,0.9036777583187391
2971,1471,4,2,4.1157883970299736e-05,1.0,2.649183511734009,0.9036777583187391
2972,1472,4,2,0.00014116561214905232,1.0,2.633297920227051,0.9089316987740805
2973,1473,4,2,0.0005900595569983125,1.0,2.655716896057129,0.9019264448336253
2974,1474,4,2,0.0008417489589191973,1.0,2.634911060333252,0.9089316987740805
2975,1475,4,2,0.000638976925984025,1.0,2.6489367485046387,0.9036777583187391
2976,1476,4,2,0.000222290022065863,1.0,2.6461446285247803,0.9054290718038529
2977,1477,4,2,7.379474027402466e-06,1.0,2.6384148597717285,0.9071803852889667
2978,1478,4,2,0.00013885441876482219,1.0,2.653634548187256,0.9036777583187391
2979,1479,4,2,0.0003857180126942694,1.0,2.635908842086792,0.9089316987740805
2980,1480,4,2,0.0004459737683646381,1.0,2.649733781814575,0.9036777583187391
2981,1481,4,2,0.00026853728923015296,1.0,2.6430411338806152,0.9054290718038529
2982,1482,4,2,5.7047916925512254e-05,1.0,2.6402523517608643,0.9036777583187391
2983,1483,4,2,1.615218207007274e-05,1.0,2.650710105895996,0.9036777583187391
2984,1484,4,2,0.00013636180665344,1.0,2.636589527130127,0.9089316987740805
2985,1485,4,2,0.0002451510517857969,1.0,2.6502344608306885,0.9036777583187391
2986,1486,4,2,0.00021765995188616216,1.0,2.6415927410125732,0.9071803852889667
2987,1487,4,2,9.469372889725491e-05,1.0,2.643064260482788,0.9036777583187391
2988,1488,4,2,9.889451575872954e-06,1.0,2.6490914821624756,0.9036777583187391
2989,1489,4,2,3.2427909900434315e-05,1.0,2.6383371353149414,0.9071803852889667
2990,1490,4,2,0.0001081421141861938,1.0,2.650740623474121,0.9036777583187391
2991,1491,4,2,0.00014024505799170583,1.0,2.6406607627868652,0.9071803852889667
2992,1492,4,2,9.620364289730787e-05,1.0,2.645503520965576,0.9036777583187391
2993,1493,4,2,2.8762287911376916e-05,1.0,2.646939277648926,0.9054290718038529
2994,1494,4,2,4.766271558764856e-06,1.0,2.639932870864868,0.9054290718038529
2995,1495,4,2,3.442325396463275e-05,1.0,2.650125026702881,0.9036777583187391
2996,1496,4,2,7.217112579382956e-05,1.0,2.6399004459381104,0.9071803852889667
2997,1497,4,2,7.368742080871016e-05,1.0,2.647397756576538,0.9036777583187391
2998,1498,4,2,4.0228151192422956e-05,1.0,2.6447765827178955,0.9054290718038529
2999,1499,4,2,8.109894224617165e-06,1.0,2.6422746181488037,0.9036777583187391
3000,0,4,3,3.3723082542419434,0.8833844804910127,2.7823641300201416,0.911190053285968
3001,1,4,3,2.660945415496826,0.8781236299868479,2.142296552658081,0.9218472468916519
3002,2,4,3,2.203174114227295,0.872862779482683,1.7304635047912598,0.9200710479573713
3003,3,4,3,1.9364274740219116,0.8623410784743534,1.508518934249878,0.9094138543516874
3004,4,4,3,1.7924851179122925,0.8465585269618588,1.4092315435409546,0.9040852575488455
3005,5,4,3,1.7132006883621216,0.8298991670320035,1.379788875579834,0.9040852575488455
3006,6,4,3,1.6621813774108887,0.8180622533976326,1.380874514579773,0.9023090586145648
3007,7,4,3,1.617913007736206,0.811924594476107,1.3871121406555176,0.8987566607460036
3008,8,4,3,1.5677945613861084,0.8110477860587462,1.384615421295166,0.8987566607460036
3009,9,4,3,1.5064048767089844,0.8149934239368698,1.371703028678894,0.8952042628774423
3010,10,4,3,1.436288833618164,0.8206926786497151,1.354121446609497,0.8952042628774423
3011,11,4,3,1.3641313314437866,0.8334064007014468,1.3372548818588257,0.8934280639431617
3012,12,4,3,1.2962486743927002,0.8404208680403332,1.3221021890640259,0.8969804618117229
3013,13,4,3,1.2380098104476929,0.8478737395879,1.3119066953659058,0.8987566607460036
3014,14,4,3,1.1911731958389282,0.8562034195528277,1.3064675331115723,0.8987566607460036
3015,15,4,3,1.1544911861419678,0.8632178868917142,1.3032407760620117,0.8987566607460036
3016,16,4,3,1.1251623630523682,0.868478737395879,1.3021601438522339,0.9005328596802842
3017,17,4,3,1.0991710424423218,0.8750548005260851,1.3012086153030396,0.9058614564831261
3018,18,4,3,1.074249505996704,0.8811924594476107,1.2992658615112305,0.9076376554174067
3019,19,4,3,1.0493770837783813,0.8820692678649715,1.2958471775054932,0.9076376554174067
3020,20,4,3,1.0245838165283203,0.8829460762823323,1.2910634279251099,0.9058614564831261
3021,21,4,3,1.0003947019577026,0.8838228846996932,1.2844116687774658,0.9040852575488455
3022,22,4,3,0.9765070676803589,0.8820692678649715,1.2758514881134033,0.9040852575488455
3023,23,4,3,0.9527496695518494,0.8798772468215695,1.2659586668014526,0.9023090586145648
3024,24,4,3,0.9293323159217834,0.8781236299868479,1.256557822227478,0.9005328596802842
3025,25,4,3,0.9067282676696777,0.8776852257781674,1.2484452724456787,0.9005328596802842
3026,26,4,3,0.8855507969856262,0.8772468215694871,1.2438271045684814,0.8987566607460036
3027,27,4,3,0.8663095235824585,0.8772468215694871,1.2441388368606567,0.8969804618117229
3028,28,4,3,0.8489615321159363,0.8776852257781674,1.2489327192306519,0.8952042628774423
3029,29,4,3,0.8327442407608032,0.8803156510302499,1.2581462860107422,0.8934280639431617
3030,30,4,3,0.8172345757484436,0.8825076720736519,1.2707103490829468,0.8916518650088809
3031,31,4,3,0.8018944263458252,0.8851380973257343,1.284404993057251,0.8916518650088809
3032,32,4,3,0.7866634726524353,0.8864533099517755,1.2971489429473877,0.8916518650088809
3033,33,4,3,0.771313488483429,0.89127575624726,1.3067764043807983,0.8916518650088809
3034,34,4,3,0.7559958100318909,0.8930293730819816,1.3120421171188354,0.8916518650088809
3035,35,4,3,0.7410252094268799,0.8974134151687856,1.3127014636993408,0.8934280639431617
3036,36,4,3,0.7266070246696472,0.9026742656729505,1.3094875812530518,0.8952042628774423
3037,37,4,3,0.7131990194320679,0.9035510740903112,1.3043938875198364,0.8934280639431617
3038,38,4,3,0.700797438621521,0.9066199035510741,1.300118327140808,0.8898756660746003
3039,39,4,3,0.6889998912811279,0.9070583077597545,1.298687219619751,0.8898756660746003
3040,40,4,3,0.6773877143859863,0.9092503288031565,1.3012280464172363,0.8880994671403197
3041,41,4,3,0.6655170321464539,0.909688733011837,1.3076673746109009,0.8880994671403197
3042,42,4,3,0.6533299088478088,0.9088119245944761,1.3172177076339722,0.8845470692717584
3043,43,4,3,0.6410844326019287,0.9079351161771153,1.3278008699417114,0.8827708703374778
3044,44,4,3,0.6291248202323914,0.9083735203857957,1.3380770683288574,0.8827708703374778
3045,45,4,3,0.6177652478218079,0.9088119245944761,1.345853567123413,0.8827708703374778
3046,46,4,3,0.6070328950881958,0.9083735203857957,1.3500975370407104,0.8809946714031972
3047,47,4,3,0.5967744588851929,0.9118807540552389,1.3513907194137573,0.8792184724689165
3048,48,4,3,0.5867234468460083,0.9140727750986409,1.351296305656433,0.8792184724689165
3049,49,4,3,0.5768012404441833,0.9145111793073214,1.3515032529830933,0.8792184724689165
3050,50,4,3,0.5668562650680542,0.9175800087680842,1.353430986404419,0.8792184724689165
3051,51,4,3,0.5568947792053223,0.9188952213941254,1.3575751781463623,0.8792184724689165
3052,52,4,3,0.5471254587173462,0.9202104340201666,1.3635048866271973,0.8774422735346359
3053,53,4,3,0.5376424193382263,0.9210872424375274,1.3699517250061035,0.8792184724689165
3054,54,4,3,0.5285078287124634,0.9224024550635687,1.3753101825714111,0.8809946714031972
3055,55,4,3,0.519671618938446,0.9241560718982902,1.3788591623306274,0.8809946714031972
3056,56,4,3,0.5109615325927734,0.925032880315651,1.3803106546401978,0.8774422735346359
3057,57,4,3,0.5023408532142639,0.9281017097764138,1.381166696548462,0.8809946714031972
3058,58,4,3,0.4938187599182129,0.9298553266111355,1.3827992677688599,0.8827708703374778
3059,59,4,3,0.485445499420166,0.9302937308198159,1.3863798379898071,0.8827708703374778
3060,60,4,3,0.4772075414657593,0.9294169224024551,1.3917558193206787,0.8809946714031972
3061,61,4,3,0.4692007899284363,0.9302937308198159,1.3981915712356567,0.8792184724689165
3062,62,4,3,0.46141761541366577,0.9307321350284963,1.4037888050079346,0.8792184724689165
3063,63,4,3,0.4538024067878723,0.9307321350284963,1.4073076248168945,0.8792184724689165
3064,64,4,3,0.44624701142311096,0.9320473476545375,1.408351182937622,0.8792184724689165
3065,65,4,3,0.4387255907058716,0.9329241560718983,1.4078426361083984,0.8792184724689165
3066,66,4,3,0.4313138425350189,0.9359929855326611,1.4071508646011353,0.8792184724689165
3067,67,4,3,0.4240756630897522,0.9403770276194652,1.4077492952346802,0.8774422735346359
3068,68,4,3,0.4169962406158447,0.9421306444541867,1.410510778427124,0.8756660746003553
3069,69,4,3,0.4100690484046936,0.9425690486628672,1.4151535034179688,0.8756660746003553
3070,70,4,3,0.40322667360305786,0.943445857080228,1.4207426309585571,0.8756660746003553
3071,71,4,3,0.3964596688747406,0.9443226654975888,1.4263535737991333,0.8756660746003553
3072,72,4,3,0.38978949189186096,0.9451994739149496,1.430909514427185,0.8774422735346359
3073,73,4,3,0.3832119107246399,0.9465146865409908,1.4339909553527832,0.8774422735346359
3074,74,4,3,0.37674131989479065,0.9473914949583516,1.436055302619934,0.8756660746003553
3075,75,4,3,0.37037357687950134,0.9487067075843928,1.4377861022949219,0.8756660746003553
3076,76,4,3,0.3641214966773987,0.9495835160017536,1.439889907836914,0.8738898756660746
3077,77,4,3,0.3579639792442322,0.9508987286277948,1.4427827596664429,0.872113676731794
3078,78,4,3,0.3518850803375244,0.9508987286277948,1.446225881576538,0.8703374777975134
3079,79,4,3,0.345890074968338,0.9513371328364753,1.4491769075393677,0.872113676731794
3080,80,4,3,0.339981347322464,0.9517755370451556,1.4506125450134277,0.872113676731794
3081,81,4,3,0.33417075872421265,0.9526523454625164,1.450365662574768,0.8738898756660746
3082,82,4,3,0.3284319341182709,0.9548443665059184,1.4492801427841187,0.8738898756660746
3083,83,4,3,0.32277536392211914,0.9552827707145989,1.4486618041992188,0.8738898756660746
3084,84,4,3,0.3172056972980499,0.9570363875493205,1.44938325881958,0.872113676731794
3085,85,4,3,0.3117348253726959,0.9574747917580009,1.4509050846099854,0.8685612788632326
3086,86,4,3,0.30636414885520935,0.9574747917580009,1.4520817995071411,0.8685612788632326
3087,87,4,3,0.30108654499053955,0.9592284085927225,1.4522812366485596,0.8650088809946714
3088,88,4,3,0.29589787125587463,0.9601052170100833,1.4510774612426758,0.866785079928952
3089,89,4,3,0.29079148173332214,0.9605436212187637,1.4491901397705078,0.8685612788632326
3090,90,4,3,0.2857731580734253,0.9622972380534853,1.4475802183151245,0.866785079928952
3091,91,4,3,0.2808501422405243,0.9627356422621657,1.44749116897583,0.866785079928952
3092,92,4,3,0.27601727843284607,0.9631740464708461,1.4486794471740723,0.866785079928952
3093,93,4,3,0.27125468850135803,0.9644892590968873,1.4502735137939453,0.8685612788632326
3094,94,4,3,0.2665642499923706,0.9658044717229285,1.4514176845550537,0.8685612788632326
3095,95,4,3,0.26194512844085693,0.9666812801402893,1.45207679271698,0.866785079928952
3096,96,4,3,0.2573936879634857,0.9679964927663306,1.4526914358139038,0.866785079928952
3097,97,4,3,0.2529285252094269,0.9688733011836914,1.4539815187454224,0.8650088809946714
3098,98,4,3,0.2485533505678177,0.9688733011836914,1.4560948610305786,0.8632326820603907
3099,99,4,3,0.2442520260810852,0.9688733011836914,1.4582326412200928,0.8632326820603907
3100,100,4,3,0.24001887440681458,0.9688733011836914,1.4595086574554443,0.8632326820603907
3101,101,4,3,0.23585215210914612,0.9693117053923718,1.4597982168197632,0.8632326820603907
3102,102,4,3,0.23175720870494843,0.9701885138097326,1.4598522186279297,0.8632326820603907
3103,103,4,3,0.22773627936840057,0.9701885138097326,1.4602311849594116,0.8632326820603907
3104,104,4,3,0.2237783521413803,0.9706269180184129,1.460869312286377,0.8632326820603907
3105,105,4,3,0.21987584233283997,0.9710653222270934,1.4617810249328613,0.8614564831261101
3106,106,4,3,0.2160373479127884,0.9715037264357738,1.4630582332611084,0.8614564831261101
3107,107,4,3,0.2122461199760437,0.9715037264357738,1.4645909070968628,0.8596802841918295
3108,108,4,3,0.2085127979516983,0.9719421306444542,1.4658342599868774,0.8596802841918295
3109,109,4,3,0.20483262836933136,0.9741341516878562,1.4667600393295288,0.8614564831261101
3110,110,4,3,0.20121292769908905,0.9741341516878562,1.4670292139053345,0.8614564831261101
3111,111,4,3,0.19765391945838928,0.9745725558965366,1.4674005508422852,0.8596802841918295
3112,112,4,3,0.19416137039661407,0.9763261727312582,1.4680854082107544,0.8596802841918295
3113,113,4,3,0.1907343715429306,0.9763261727312582,1.4685922861099243,0.8596802841918295
3114,114,4,3,0.18737250566482544,0.9763261727312582,1.4687169790267944,0.8596802841918295
3115,115,4,3,0.1840624362230301,0.9763261727312582,1.4690418243408203,0.8596802841918295
3116,116,4,3,0.180801123380661,0.9763261727312582,1.4694863557815552,0.8596802841918295
3117,117,4,3,0.17759180068969727,0.9767645769399387,1.4697582721710205,0.8596802841918295
3118,118,4,3,0.17443697154521942,0.9767645769399387,1.470184087753296,0.8596802841918295
3119,119,4,3,0.17133699357509613,0.977202981148619,1.4708528518676758,0.8596802841918295
3120,120,4,3,0.1682928204536438,0.977202981148619,1.4713447093963623,0.8596802841918295
3121,121,4,3,0.16530641913414001,0.9776413853572994,1.472033977508545,0.8596802841918295
3122,122,4,3,0.16237583756446838,0.9776413853572994,1.4731495380401611,0.8614564831261101
3123,123,4,3,0.15949474275112152,0.9780797895659799,1.4743189811706543,0.8614564831261101
3124,124,4,3,0.15666987001895905,0.9780797895659799,1.4748557806015015,0.8614564831261101
3125,125,4,3,0.15389344096183777,0.9785181937746602,1.4748471975326538,0.8614564831261101
3126,126,4,3,0.15115779638290405,0.9798334064007015,1.4747573137283325,0.8614564831261101
3127,127,4,3,0.14846451580524445,0.9807102148180622,1.4749468564987183,0.8614564831261101
3128,128,4,3,0.1458176225423813,0.9824638316527838,1.4752546548843384,0.8596802841918295
3129,129,4,3,0.14321644604206085,0.9824638316527838,1.4754828214645386,0.8596802841918295
3130,130,4,3,0.14065295457839966,0.9829022358614643,1.4756205081939697,0.8596802841918295
3131,131,4,3,0.13813181221485138,0.9829022358614643,1.4757136106491089,0.8596802841918295
3132,132,4,3,0.1356533020734787,0.9829022358614643,1.4754908084869385,0.8614564831261101
3133,133,4,3,0.13321244716644287,0.9829022358614643,1.475325345993042,0.8614564831261101
3134,134,4,3,0.1308167576789856,0.9842174484875055,1.4753599166870117,0.8614564831261101
3135,135,4,3,0.12846171855926514,0.9859710653222271,1.4760279655456543,0.8632326820603907
3136,136,4,3,0.12614041566848755,0.9859710653222271,1.4770773649215698,0.8632326820603907
3137,137,4,3,0.1238522157073021,0.9859710653222271,1.4779901504516602,0.8614564831261101
3138,138,4,3,0.12160315364599228,0.9859710653222271,1.4788228273391724,0.8614564831261101
3139,139,4,3,0.11938972771167755,0.9864094695309075,1.4797435998916626,0.8614564831261101
3140,140,4,3,0.1172129362821579,0.9872862779482683,1.481157898902893,0.8614564831261101
3141,141,4,3,0.11507277935743332,0.9877246821569488,1.482664704322815,0.8614564831261101
3142,142,4,3,0.11296605318784714,0.9881630863656291,1.4839199781417847,0.8614564831261101
3143,143,4,3,0.11089804023504257,0.9886014905743095,1.484895944595337,0.8596802841918295
3144,144,4,3,0.10886460542678833,0.9890398947829899,1.4856014251708984,0.8579040852575488
3145,145,4,3,0.10686628520488739,0.9890398947829899,1.4868183135986328,0.8579040852575488
3146,146,4,3,0.10490257292985916,0.9890398947829899,1.4882510900497437,0.8561278863232682
3147,147,4,3,0.10296656936407089,0.9894782989916703,1.4890174865722656,0.8561278863232682
3148,148,4,3,0.10106253623962402,0.9899167032003507,1.4891139268875122,0.8561278863232682
3149,149,4,3,0.09919567406177521,0.9899167032003507,1.4896552562713623,0.8561278863232682
3150,150,4,3,0.09736263751983643,0.9899167032003507,1.490885853767395,0.8561278863232682
3151,151,4,3,0.09555662423372269,0.9899167032003507,1.4925360679626465,0.8561278863232682
3152,152,4,3,0.09378045052289963,0.9903551074090311,1.4942065477371216,0.8561278863232682
3153,153,4,3,0.09204277396202087,0.9903551074090311,1.4953584671020508,0.8561278863232682
3154,154,4,3,0.09033676981925964,0.9903551074090311,1.4961497783660889,0.8543516873889876
3155,155,4,3,0.08865878731012344,0.9903551074090311,1.4969491958618164,0.8543516873889876
3156,156,4,3,0.08700822293758392,0.9903551074090311,1.497950792312622,0.8525754884547069
3157,157,4,3,0.08538584411144257,0.9907935116177116,1.499069094657898,0.8525754884547069
3158,158,4,3,0.08379288017749786,0.9912319158263919,1.5002974271774292,0.8525754884547069
3159,159,4,3,0.08222673088312149,0.9912319158263919,1.5014983415603638,0.8525754884547069
3160,160,4,3,0.08068934828042984,0.9921087242437527,1.5029555559158325,0.8507992895204263
3161,161,4,3,0.07917991280555725,0.9929855326611136,1.5044628381729126,0.8507992895204263
3162,162,4,3,0.0776924416422844,0.9929855326611136,1.5060410499572754,0.8507992895204263
3163,163,4,3,0.0762302428483963,0.9934239368697939,1.5072146654129028,0.8507992895204263
3164,164,4,3,0.07479815185070038,0.9938623410784744,1.5086899995803833,0.8507992895204263
3165,165,4,3,0.07339196652173996,0.9938623410784744,1.510180115699768,0.8507992895204263
3166,166,4,3,0.07200866937637329,0.9938623410784744,1.5109994411468506,0.8507992895204263
3167,167,4,3,0.07065035402774811,0.9938623410784744,1.5120470523834229,0.8507992895204263
3168,168,4,3,0.06931420415639877,0.9938623410784744,1.512955904006958,0.8507992895204263
3169,169,4,3,0.0679989904165268,0.9938623410784744,1.5142366886138916,0.8525754884547069
3170,170,4,3,0.06670322269201279,0.9938623410784744,1.5156248807907104,0.8525754884547069
3171,171,4,3,0.06543069332838058,0.9938623410784744,1.5169278383255005,0.8525754884547069
3172,172,4,3,0.06418401002883911,0.9938623410784744,1.5174914598464966,0.8525754884547069
3173,173,4,3,0.062960185110569,0.9943007452871547,1.5177319049835205,0.8525754884547069
3174,174,4,3,0.06176180765032768,0.9943007452871547,1.5177834033966064,0.8543516873889876
3175,175,4,3,0.06058480963110924,0.9943007452871547,1.5179188251495361,0.8543516873889876
3176,176,4,3,0.05943480506539345,0.9943007452871547,1.5183560848236084,0.8543516873889876
3177,177,4,3,0.05830635502934456,0.9943007452871547,1.5195684432983398,0.8543516873889876
3178,178,4,3,0.05719785764813423,0.9943007452871547,1.5211617946624756,0.8543516873889876
3179,179,4,3,0.056109558790922165,0.9943007452871547,1.5224084854125977,0.8561278863232682
3180,180,4,3,0.05504072830080986,0.9943007452871547,1.5231316089630127,0.8579040852575488
3181,181,4,3,0.053992465138435364,0.9943007452871547,1.524113655090332,0.8561278863232682
3182,182,4,3,0.05296261981129646,0.9947391494958352,1.5253421068191528,0.8561278863232682
3183,183,4,3,0.051948338747024536,0.9947391494958352,1.5261967182159424,0.8561278863232682
3184,184,4,3,0.05095301941037178,0.9947391494958352,1.526882290840149,0.8561278863232682
3185,185,4,3,0.04997578263282776,0.995615957913196,1.528188943862915,0.8543516873889876
3186,186,4,3,0.04901741072535515,0.995615957913196,1.5293915271759033,0.8543516873889876
3187,187,4,3,0.048077408224344254,0.9960543621218764,1.5303730964660645,0.8543516873889876
3188,188,4,3,0.04715519770979881,0.9964927663305567,1.5314961671829224,0.8543516873889876
3189,189,4,3,0.04624957963824272,0.9964927663305567,1.5324280261993408,0.8543516873889876
3190,190,4,3,0.04536217078566551,0.9964927663305567,1.5336071252822876,0.8543516873889876
3191,191,4,3,0.0444917157292366,0.9964927663305567,1.534828782081604,0.8543516873889876
3192,192,4,3,0.04363562539219856,0.9964927663305567,1.535814642906189,0.8543516873889876
3193,193,4,3,0.04279520735144615,0.9964927663305567,1.5367316007614136,0.8543516873889876
3194,194,4,3,0.04197198897600174,0.9964927663305567,1.5370732545852661,0.8543516873889876
3195,195,4,3,0.0411636158823967,0.9964927663305567,1.5373252630233765,0.8543516873889876
3196,196,4,3,0.04037030413746834,0.9969311705392372,1.538273811340332,0.8543516873889876
3197,197,4,3,0.03959297761321068,0.9969311705392372,1.5388637781143188,0.8543516873889876
3198,198,4,3,0.03883103281259537,0.9969311705392372,1.5383405685424805,0.8543516873889876
3199,199,4,3,0.038082968443632126,0.9969311705392372,1.5387349128723145,0.8561278863232682
3200,200,4,3,0.0373498909175396,0.9969311705392372,1.5396640300750732,0.8561278863232682
3201,201,4,3,0.03662871569395065,0.9969311705392372,1.5396512746810913,0.8543516873889876
3202,202,4,3,0.035922423005104065,0.9969311705392372,1.540218710899353,0.8543516873889876
3203,203,4,3,0.03522761911153793,0.9969311705392372,1.5417659282684326,0.8561278863232682
3204,204,4,3,0.034545835107564926,0.9969311705392372,1.5422279834747314,0.8561278863232682
3205,205,4,3,0.033877141773700714,0.9969311705392372,1.54281747341156,0.8579040852575488
3206,206,4,3,0.033220235258340836,0.9969311705392372,1.5436954498291016,0.8579040852575488
3207,207,4,3,0.03257858380675316,0.9969311705392372,1.544385313987732,0.8579040852575488
3208,208,4,3,0.031948793679475784,0.9969311705392372,1.545028805732727,0.8579040852575488
3209,209,4,3,0.03133077919483185,0.9973695747479175,1.5455375909805298,0.8579040852575488
3210,210,4,3,0.030724281445145607,0.9973695747479175,1.545729160308838,0.8579040852575488
3211,211,4,3,0.030129455029964447,0.9973695747479175,1.546248435974121,0.8579040852575488
3212,212,4,3,0.02954639494419098,0.997807978956598,1.5469344854354858,0.8579040852575488
3213,213,4,3,0.028973713517189026,0.997807978956598,1.547212839126587,0.8579040852575488
3214,214,4,3,0.02841116674244404,0.997807978956598,1.5481959581375122,0.8579040852575488
3215,215,4,3,0.02785947360098362,0.997807978956598,1.549250602722168,0.8579040852575488
3216,216,4,3,0.027317428961396217,0.997807978956598,1.549890160560608,0.8579040852575488
3217,217,4,3,0.02678663283586502,0.9982463831652784,1.5511095523834229,0.8579040852575488
3218,218,4,3,0.026266781613230705,0.9982463831652784,1.5518311262130737,0.8579040852575488
3219,219,4,3,0.02575422264635563,0.9982463831652784,1.5528408288955688,0.8579040852575488
3220,220,4,3,0.025252584367990494,0.9982463831652784,1.5536338090896606,0.8579040852575488
3221,221,4,3,0.024759942665696144,0.9986847873739588,1.554036259651184,0.8579040852575488
3222,222,4,3,0.02427542954683304,0.9986847873739588,1.554658055305481,0.8579040852575488
3223,223,4,3,0.02380005642771721,0.9986847873739588,1.5559250116348267,0.8579040852575488
3224,224,4,3,0.023335620760917664,0.9986847873739588,1.5563323497772217,0.8596802841918295
3225,225,4,3,0.022878292948007584,0.9986847873739588,1.5565898418426514,0.8596802841918295
3226,226,4,3,0.022431379184126854,0.9986847873739588,1.557865858078003,0.8596802841918295
3227,227,4,3,0.02199242264032364,0.9986847873739588,1.5588924884796143,0.8596802841918295
3228,228,4,3,0.021561728790402412,0.9986847873739588,1.5591660737991333,0.8596802841918295
3229,229,4,3,0.021138057112693787,0.9986847873739588,1.5600758790969849,0.8596802841918295
3230,230,4,3,0.02072383649647236,0.9986847873739588,1.5616143941879272,0.8579040852575488
3231,231,4,3,0.020316174253821373,0.9991231915826392,1.5625962018966675,0.8579040852575488
3232,232,4,3,0.019916485995054245,0.9991231915826392,1.5638691186904907,0.8596802841918295
3233,233,4,3,0.019525879994034767,0.9991231915826392,1.5647447109222412,0.8596802841918295
3234,234,4,3,0.019141577184200287,0.9991231915826392,1.565436840057373,0.8596802841918295
3235,235,4,3,0.018764372915029526,0.9991231915826392,1.5664794445037842,0.8596802841918295
3236,236,4,3,0.01839473471045494,0.9991231915826392,1.5674299001693726,0.8596802841918295
3237,237,4,3,0.01803162880241871,0.9991231915826392,1.5683537721633911,0.8596802841918295
3238,238,4,3,0.017675291746854782,0.9991231915826392,1.5698208808898926,0.8596802841918295
3239,239,4,3,0.01732569746673107,0.9991231915826392,1.5705697536468506,0.8596802841918295
3240,240,4,3,0.01698165386915207,0.9991231915826392,1.5709443092346191,0.8596802841918295
3241,241,4,3,0.016647253185510635,0.9991231915826392,1.5727555751800537,0.8596802841918295
3242,242,4,3,0.01631690002977848,0.9991231915826392,1.5739774703979492,0.8596802841918295
3243,243,4,3,0.01599237322807312,0.9995615957913196,1.5750715732574463,0.8596802841918295
3244,244,4,3,0.015674561262130737,0.9995615957913196,1.576220989227295,0.8596802841918295
3245,245,4,3,0.015362436883151531,0.9995615957913196,1.5769500732421875,0.8596802841918295
3246,246,4,3,0.015056279487907887,0.9995615957913196,1.5783196687698364,0.8596802841918295
3247,247,4,3,0.014755547977983952,0.9995615957913196,1.5789235830307007,0.8596802841918295
3248,248,4,3,0.014461032114923,0.9995615957913196,1.5800676345825195,0.8596802841918295
3249,249,4,3,0.014173397794365883,0.9995615957913196,1.5812127590179443,0.8596802841918295
3250,250,4,3,0.013890489935874939,0.9995615957913196,1.5815521478652954,0.8596802841918295
3251,251,4,3,0.013614898547530174,0.9995615957913196,1.5827311277389526,0.8596802841918295
3252,252,4,3,0.013344746083021164,0.9995615957913196,1.5835163593292236,0.8596802841918295
3253,253,4,3,0.013078962452709675,0.9995615957913196,1.5843385457992554,0.8596802841918295
3254,254,4,3,0.01281917467713356,0.9995615957913196,1.584852933883667,0.8579040852575488
3255,255,4,3,0.012565049342811108,0.9995615957913196,1.5856480598449707,0.8579040852575488
3256,256,4,3,0.012315520085394382,0.9995615957913196,1.5864758491516113,0.8579040852575488
3257,257,4,3,0.012072840705513954,0.9995615957913196,1.5864728689193726,0.8561278863232682
3258,258,4,3,0.011833373457193375,0.9995615957913196,1.5869039297103882,0.8561278863232682
3259,259,4,3,0.01159971859306097,0.9995615957913196,1.5883811712265015,0.8561278863232682
3260,260,4,3,0.011371373198926449,0.9995615957913196,1.58837890625,0.8561278863232682
3261,261,4,3,0.011146120727062225,0.9995615957913196,1.5887523889541626,0.8561278863232682
3262,262,4,3,0.010926606133580208,0.9995615957913196,1.5893023014068604,0.8561278863232682
3263,263,4,3,0.010711126960814,0.9995615957913196,1.5900381803512573,0.8543516873889876
3264,264,4,3,0.010500269941985607,0.9995615957913196,1.5910592079162598,0.8543516873889876
3265,265,4,3,0.01029378455132246,0.9995615957913196,1.5911200046539307,0.8561278863232682
3266,266,4,3,0.010090699419379234,0.9995615957913196,1.5919455289840698,0.8561278863232682
3267,267,4,3,0.009892198257148266,0.9995615957913196,1.592766284942627,0.8561278863232682
3268,268,4,3,0.009697734378278255,0.9995615957913196,1.5930063724517822,0.8561278863232682
3269,269,4,3,0.009507276117801666,0.9995615957913196,1.5939750671386719,0.8561278863232682
3270,270,4,3,0.009320901706814766,0.9995615957913196,1.5946362018585205,0.8561278863232682
3271,271,4,3,0.009138050489127636,0.9995615957913196,1.5950874090194702,0.8561278863232682
3272,272,4,3,0.008958568796515465,0.9995615957913196,1.5958137512207031,0.8543516873889876
3273,273,4,3,0.008783566765487194,0.9995615957913196,1.596287727355957,0.8561278863232682
3274,274,4,3,0.008611940778791904,0.9995615957913196,1.5974136590957642,0.8543516873889876
3275,275,4,3,0.008443600498139858,0.9995615957913196,1.597480297088623,0.8561278863232682
3276,276,4,3,0.00827882718294859,0.9995615957913196,1.5980918407440186,0.8561278863232682
3277,277,4,3,0.008116762153804302,0.9995615957913196,1.5983773469924927,0.8561278863232682
3278,278,4,3,0.007958278059959412,0.9995615957913196,1.5984797477722168,0.8561278863232682
3279,279,4,3,0.007802547886967659,0.9995615957913196,1.599768877029419,0.8561278863232682
3280,280,4,3,0.0076502240262925625,0.9995615957913196,1.6001752614974976,0.8561278863232682
3281,281,4,3,0.007500327192246914,0.9995615957913196,1.6006509065628052,0.8561278863232682
3282,282,4,3,0.007354008499532938,0.9995615957913196,1.6009472608566284,0.8561278863232682
3283,283,4,3,0.0072111268527805805,0.9995615957913196,1.6017682552337646,0.8561278863232682
3284,284,4,3,0.007070171646773815,0.9995615957913196,1.6024607419967651,0.8561278863232682
3285,285,4,3,0.006932614371180534,0.9995615957913196,1.6033600568771362,0.8561278863232682
3286,286,4,3,0.006797531619668007,0.9995615957913196,1.6037731170654297,0.8561278863232682
3287,287,4,3,0.006665437016636133,0.9995615957913196,1.6042063236236572,0.8561278863232682
3288,288,4,3,0.006536000873893499,0.9995615957913196,1.6050257682800293,0.8561278863232682
3289,289,4,3,0.006408408749848604,0.9995615957913196,1.6048403978347778,0.8561278863232682
3290,290,4,3,0.006283985450863838,0.9995615957913196,1.6056658029556274,0.8561278863232682
3291,291,4,3,0.0061617521569132805,0.9995615957913196,1.6062743663787842,0.8561278863232682
3292,292,4,3,0.006041429471224546,0.9995615957913196,1.6060981750488281,0.8561278863232682
3293,293,4,3,0.005924112629145384,0.9995615957913196,1.6071667671203613,0.8561278863232682
3294,294,4,3,0.005809607449918985,0.9995615957913196,1.6069395542144775,0.8561278863232682
3295,295,4,3,0.005696312058717012,0.9995615957913196,1.6076430082321167,0.8561278863232682
3296,296,4,3,0.005585694685578346,0.9995615957913196,1.6082710027694702,0.8561278863232682
3297,297,4,3,0.005477183032780886,0.9995615957913196,1.6081607341766357,0.8561278863232682
3298,298,4,3,0.00537153473123908,0.9995615957913196,1.6098109483718872,0.8561278863232682
3299,299,4,3,0.005268039181828499,0.9995615957913196,1.608886480331421,0.8561278863232682
3300,300,4,3,0.005165624897927046,0.9995615957913196,1.6098215579986572,0.8561278863232682
3301,301,4,3,0.005065453238785267,0.9995615957913196,1.610251545906067,0.8561278863232682
3302,302,4,3,0.0049667819403111935,0.9995615957913196,1.6104094982147217,0.8561278863232682
3303,303,4,3,0.004871044307947159,0.9995615957913196,1.6114766597747803,0.8561278863232682
3304,304,4,3,0.004777530673891306,0.9995615957913196,1.6108838319778442,0.8561278863232682
3305,305,4,3,0.004685585852712393,0.9995615957913196,1.6122727394104004,0.8561278863232682
3306,306,4,3,0.004594101570546627,0.9995615957913196,1.6123706102371216,0.8579040852575488
3307,307,4,3,0.00450507877394557,0.9995615957913196,1.6122164726257324,0.8579040852575488
3308,308,4,3,0.004418208729475737,0.9995615957913196,1.6136438846588135,0.8579040852575488
3309,309,4,3,0.004332760814577341,0.9995615957913196,1.61337411403656,0.8579040852575488
3310,310,4,3,0.004248509649187326,0.9995615957913196,1.6142182350158691,0.8579040852575488
3311,311,4,3,0.004165326245129108,0.9995615957913196,1.614192008972168,0.8579040852575488
3312,312,4,3,0.004084179177880287,0.9995615957913196,1.6143423318862915,0.8579040852575488
3313,313,4,3,0.00400531105697155,0.9995615957913196,1.6156842708587646,0.8579040852575488
3314,314,4,3,0.0039283656515181065,0.9995615957913196,1.6151063442230225,0.8579040852575488
3315,315,4,3,0.003851882414892316,0.9995615957913196,1.6160820722579956,0.8579040852575488
3316,316,4,3,0.0037767456378787756,0.9995615957913196,1.6167981624603271,0.8579040852575488
3317,317,4,3,0.003703819354996085,0.9995615957913196,1.6165385246276855,0.8579040852575488
3318,318,4,3,0.003632006235420704,0.9995615957913196,1.617541790008545,0.8579040852575488
3319,319,4,3,0.0035615742672234774,0.9995615957913196,1.617707371711731,0.8579040852575488
3320,320,4,3,0.0034917176235467196,0.9995615957913196,1.6180949211120605,0.8579040852575488
3321,321,4,3,0.0034238866064697504,0.9995615957913196,1.6186243295669556,0.8579040852575488
3322,322,4,3,0.003357479814440012,0.9995615957913196,1.6192419528961182,0.8596802841918295
3323,323,4,3,0.003292607143521309,0.9995615957913196,1.6197477579116821,0.8596802841918295
3324,324,4,3,0.0032284436747431755,0.9995615957913196,1.6196560859680176,0.8579040852575488
3325,325,4,3,0.003165782894939184,0.9995615957913196,1.6195024251937866,0.8579040852575488
3326,326,4,3,0.0031047333031892776,0.9995615957913196,1.6204618215560913,0.8596802841918295
3327,327,4,3,0.0030448136385530233,0.9995615957913196,1.6201236248016357,0.8596802841918295
3328,328,4,3,0.0029855002649128437,0.9995615957913196,1.621161937713623,0.8596802841918295
3329,329,4,3,0.002927635330706835,0.9995615957913196,1.6209726333618164,0.8596802841918295
3330,330,4,3,0.0028709752950817347,0.9995615957913196,1.6218602657318115,0.8596802841918295
3331,331,4,3,0.002815353451296687,0.9995615957913196,1.6217097043991089,0.8596802841918295
3332,332,4,3,0.0027606806252151728,0.9995615957913196,1.6224687099456787,0.8596802841918295
3333,333,4,3,0.0027071882504969835,0.9995615957913196,1.6225589513778687,0.8596802841918295
3334,334,4,3,0.0026545976288616657,0.9995615957913196,1.6229379177093506,0.8596802841918295
3335,335,4,3,0.0026030417066067457,0.9995615957913196,1.6232725381851196,0.8596802841918295
3336,336,4,3,0.002552822232246399,0.9995615957913196,1.6237051486968994,0.8596802841918295
3337,337,4,3,0.0025032395496964455,0.9995615957913196,1.6240003108978271,0.8596802841918295
3338,338,4,3,0.0024545665364712477,0.9995615957913196,1.624427318572998,0.8596802841918295
3339,339,4,3,0.0024070420768111944,0.9995615957913196,1.6246355772018433,0.8596802841918295
3340,340,4,3,0.0023602547589689493,0.9995615957913196,1.6247093677520752,0.8596802841918295
3341,341,4,3,0.0023144257720559835,0.9995615957913196,1.625272512435913,0.8596802841918295
3342,342,4,3,0.002269591437652707,0.9995615957913196,1.625362515449524,0.8596802841918295
3343,343,4,3,0.0022256409283727407,0.9995615957913196,1.6259299516677856,0.8596802841918295
3344,344,4,3,0.002182448050007224,0.9995615957913196,1.6258012056350708,0.8596802841918295
3345,345,4,3,0.002140122465789318,0.9995615957913196,1.626560091972351,0.8596802841918295
3346,346,4,3,0.0020985358860343695,0.9995615957913196,1.6262177228927612,0.8596802841918295
3347,347,4,3,0.002057952806353569,0.9995615957913196,1.626994013786316,0.8596802841918295
3348,348,4,3,0.0020178083796054125,0.9995615957913196,1.627147912979126,0.8596802841918295
3349,349,4,3,0.0019789873622357845,0.9995615957913196,1.6275603771209717,0.8596802841918295
3350,350,4,3,0.0019405994098633528,0.9995615957913196,1.6274187564849854,0.8596802841918295
3351,351,4,3,0.001903005177155137,0.9995615957913196,1.6279743909835815,0.8596802841918295
3352,352,4,3,0.001866391277872026,0.9995615957913196,1.627718210220337,0.8596802841918295
3353,353,4,3,0.001830079359933734,0.9995615957913196,1.628628134727478,0.8596802841918295
3354,354,4,3,0.0017949669854715466,0.9995615957913196,1.628180980682373,0.8596802841918295
3355,355,4,3,0.0017606847686693072,0.9995615957913196,1.6295584440231323,0.8596802841918295
3356,356,4,3,0.001727535855025053,0.9995615957913196,1.6282275915145874,0.8596802841918295
3357,357,4,3,0.0016954984748736024,0.9995615957913196,1.6308180093765259,0.8596802841918295
3358,358,4,3,0.0016643228009343147,0.9995615957913196,1.628605842590332,0.8596802841918295
3359,359,4,3,0.0016326007898896933,0.9995615957913196,1.6312055587768555,0.8596802841918295
3360,360,4,3,0.0016007631784304976,0.9995615957913196,1.629378080368042,0.8596802841918295
3361,361,4,3,0.001569200772792101,0.9995615957913196,1.6315804719924927,0.8596802841918295
3362,362,4,3,0.0015380835393443704,1.0,1.6303714513778687,0.8596802841918295
3363,363,4,3,0.001507248729467392,1.0,1.6315381526947021,0.8596802841918295
3364,364,4,3,0.0014774455921724439,1.0,1.6316615343093872,0.8596802841918295
3365,365,4,3,0.0014489125460386276,1.0,1.6312299966812134,0.8596802841918295
3366,366,4,3,0.0014215284027159214,1.0,1.632567286491394,0.8596802841918295
3367,367,4,3,0.0013949054991826415,1.0,1.631386160850525,0.8596802841918295
3368,368,4,3,0.001368982600979507,1.0,1.6335803270339966,0.8596802841918295
3369,369,4,3,0.0013437967281788588,1.0,1.6316231489181519,0.8596802841918295
3370,370,4,3,0.001318429596722126,1.0,1.6341336965560913,0.8596802841918295
3371,371,4,3,0.0012933912221342325,1.0,1.6321172714233398,0.8596802841918295
3372,372,4,3,0.0012684144312515855,1.0,1.6345139741897583,0.8596802841918295
3373,373,4,3,0.001243468257598579,1.0,1.6325775384902954,0.8596802841918295
3374,374,4,3,0.0012192287249490619,1.0,1.634727954864502,0.8596802841918295
3375,375,4,3,0.0011952321510761976,1.0,1.6334636211395264,0.8596802841918295
3376,376,4,3,0.0011717635206878185,1.0,1.6351935863494873,0.8596802841918295
3377,377,4,3,0.0011489703319966793,1.0,1.6342734098434448,0.8596802841918295
3378,378,4,3,0.0011267791269347072,1.0,1.635457158088684,0.8596802841918295
3379,379,4,3,0.0011044720886275172,1.0,1.6347594261169434,0.8596802841918295
3380,380,4,3,0.0010831221006810665,1.0,1.6356817483901978,0.8596802841918295
3381,381,4,3,0.001062339055351913,1.0,1.6351661682128906,0.8579040852575488
3382,382,4,3,0.0010417435551062226,1.0,1.6360793113708496,0.8579040852575488
3383,383,4,3,0.0010217330418527126,1.0,1.635596752166748,0.8596802841918295
3384,384,4,3,0.0010028810938820243,1.0,1.6368428468704224,0.8579040852575488
3385,385,4,3,0.0009840890998020768,1.0,1.635597825050354,0.8579040852575488
3386,386,4,3,0.0009662759257480502,1.0,1.6378389596939087,0.8579040852575488
3387,387,4,3,0.0009492296376265585,1.0,1.635469675064087,0.8579040852575488
3388,388,4,3,0.0009327798034064472,1.0,1.638731837272644,0.8579040852575488
3389,389,4,3,0.0009169984259642661,1.0,1.6355834007263184,0.8579040852575488
3390,390,4,3,0.000902084109839052,1.0,1.6394304037094116,0.8579040852575488
3391,391,4,3,0.0008869124576449394,1.0,1.6355916261672974,0.8579040852575488
3392,392,4,3,0.0008722132770344615,1.0,1.6403107643127441,0.8579040852575488
3393,393,4,3,0.0008572294027544558,1.0,1.635565996170044,0.8579040852575488
3394,394,4,3,0.0008425936102867126,1.0,1.6405298709869385,0.8579040852575488
3395,395,4,3,0.0008265395299531519,1.0,1.6360814571380615,0.8579040852575488
3396,396,4,3,0.0008101092535071075,1.0,1.6405251026153564,0.8561278863232682
3397,397,4,3,0.0007928796112537384,1.0,1.6367583274841309,0.8579040852575488
3398,398,4,3,0.0007757461280561984,1.0,1.640748143196106,0.8561278863232682
3399,399,4,3,0.0007588437292724848,1.0,1.637634038925171,0.8579040852575488
3400,400,4,3,0.000742949137929827,1.0,1.6406974792480469,0.8561278863232682
3401,401,4,3,0.0007272061775438488,1.0,1.6384775638580322,0.8561278863232682
3402,402,4,3,0.000711925036739558,1.0,1.6403707265853882,0.8561278863232682
3403,403,4,3,0.0006974284187890589,1.0,1.639151692390442,0.8561278863232682
3404,404,4,3,0.000683826336171478,1.0,1.6408487558364868,0.8561278863232682
3405,405,4,3,0.0006707562715746462,1.0,1.6390892267227173,0.8561278863232682
3406,406,4,3,0.000658638309687376,1.0,1.6415637731552124,0.8561278863232682
3407,407,4,3,0.0006472278037108481,1.0,1.6392250061035156,0.8561278863232682
3408,408,4,3,0.0006362063577398658,1.0,1.6421592235565186,0.8561278863232682
3409,409,4,3,0.0006267116405069828,1.0,1.6391007900238037,0.8561278863232682
3410,410,4,3,0.0006186435930430889,1.0,1.6434394121170044,0.8561278863232682
3411,411,4,3,0.0006122683989815414,1.0,1.6381899118423462,0.8561278863232682
3412,412,4,3,0.0006094652344472706,1.0,1.6450036764144897,0.8561278863232682
3413,413,4,3,0.000609157548751682,1.0,1.637053370475769,0.8561278863232682
3414,414,4,3,0.0006129975663498044,1.0,1.6461461782455444,0.8561278863232682
3415,415,4,3,0.0006179475458338857,1.0,1.6361998319625854,0.8561278863232682
3416,416,4,3,0.0006267670542001724,1.0,1.6476346254348755,0.8561278863232682
3417,417,4,3,0.000633516232483089,1.0,1.635385274887085,0.8561278863232682
3418,418,4,3,0.0006402613362297416,1.0,1.6488401889801025,0.8561278863232682
3419,419,4,3,0.0006365650333464146,1.0,1.6355125904083252,0.8561278863232682
3420,420,4,3,0.00062765390612185,1.0,1.6486092805862427,0.8561278863232682
3421,421,4,3,0.0006035530241206288,1.0,1.6369054317474365,0.8561278863232682
3422,422,4,3,0.0005722168716602027,1.0,1.6467968225479126,0.8561278863232682
3423,423,4,3,0.0005315653397701681,1.0,1.6393284797668457,0.8561278863232682
3424,424,4,3,0.0004939463688060641,1.0,1.644378900527954,0.8561278863232682
3425,425,4,3,0.0004645010340027511,1.0,1.6423008441925049,0.8561278863232682
3426,426,4,3,0.0004474941233638674,1.0,1.6420105695724487,0.8561278863232682
3427,427,4,3,0.0004413543501868844,1.0,1.6451812982559204,0.8561278863232682
3428,428,4,3,0.0004425026127137244,1.0,1.6400697231292725,0.8561278863232682
3429,429,4,3,0.00044787777005694807,1.0,1.6472116708755493,0.8561278863232682
3430,430,4,3,0.0004535728949122131,1.0,1.639055609703064,0.8561278863232682
3431,431,4,3,0.00045951161882840097,1.0,1.6483293771743774,0.8561278863232682
3432,432,4,3,0.0004599078674800694,1.0,1.6390594244003296,0.8561278863232682
3433,433,4,3,0.0004560223314911127,1.0,1.648428201675415,0.8561278863232682
3434,434,4,3,0.00044404598884284496,1.0,1.6395548582077026,0.8561278863232682
3435,435,4,3,0.0004290190408937633,1.0,1.6478885412216187,0.8561278863232682
3436,436,4,3,0.0004094218020327389,1.0,1.6409194469451904,0.8561278863232682
3437,437,4,3,0.00038946722634136677,1.0,1.646742820739746,0.8561278863232682
3438,438,4,3,0.00037012543180026114,1.0,1.6429893970489502,0.8561278863232682
3439,439,4,3,0.0003542506310623139,1.0,1.6454726457595825,0.8561278863232682
3440,440,4,3,0.0003421608707867563,1.0,1.6450780630111694,0.8561278863232682
3441,441,4,3,0.0003340102848596871,1.0,1.6444101333618164,0.8561278863232682
3442,442,4,3,0.0003289146698080003,1.0,1.6465247869491577,0.8561278863232682
3443,443,4,3,0.0003262411046307534,1.0,1.6433318853378296,0.8561278863232682
3444,444,4,3,0.00032591811032034457,1.0,1.6479127407073975,0.8561278863232682
3445,445,4,3,0.00032780569745227695,1.0,1.6421427726745605,0.8561278863232682
3446,446,4,3,0.0003324284916743636,1.0,1.6493988037109375,0.8561278863232682
3447,447,4,3,0.00033774750772863626,1.0,1.6413332223892212,0.8561278863232682
3448,448,4,3,0.00034538746695034206,1.0,1.650777816772461,0.8561278863232682
3449,449,4,3,0.00035249258507974446,1.0,1.6407713890075684,0.8561278863232682
3450,450,4,3,0.00036149797961115837,1.0,1.6517908573150635,0.8543516873889876
3451,451,4,3,0.000366784050129354,1.0,1.640263557434082,0.8561278863232682
3452,452,4,3,0.000372394104488194,1.0,1.6525239944458008,0.8543516873889876
3453,453,4,3,0.00037117942702025175,1.0,1.6402465105056763,0.8561278863232682
3454,454,4,3,0.0003677433414850384,1.0,1.652610421180725,0.8543516873889876
3455,455,4,3,0.0003551000845618546,1.0,1.6410506963729858,0.8561278863232682
3456,456,4,3,0.0003393876540940255,1.0,1.6517888307571411,0.8543516873889876
3457,457,4,3,0.0003159383195452392,1.0,1.6427220106124878,0.8561278863232682
3458,458,4,3,0.0002903514832723886,1.0,1.650068759918213,0.8543516873889876
3459,459,4,3,0.0002650020469445735,1.0,1.6449304819107056,0.8543516873889876
3460,460,4,3,0.0002446009311825037,1.0,1.648356318473816,0.8543516873889876
3461,461,4,3,0.0002302173088537529,1.0,1.6472141742706299,0.8543516873889876
3462,462,4,3,0.0002222349721705541,1.0,1.646841049194336,0.8543516873889876
3463,463,4,3,0.00021940769511274993,1.0,1.6491551399230957,0.8543516873889876
3464,464,4,3,0.0002202327159466222,1.0,1.6455273628234863,0.8543516873889876
3465,465,4,3,0.00022346217883750796,1.0,1.650651216506958,0.8543516873889876
3466,466,4,3,0.000227868789806962,1.0,1.6444281339645386,0.8543516873889876
3467,467,4,3,0.00023398472694680095,1.0,1.6519354581832886,0.8543516873889876
3468,468,4,3,0.00023988164321053773,1.0,1.6438292264938354,0.8543516873889876
3469,469,4,3,0.0002469943428877741,1.0,1.6529959440231323,0.8543516873889876
3470,470,4,3,0.00025198847288265824,1.0,1.6435978412628174,0.8543516873889876
3471,471,4,3,0.0002572069934103638,1.0,1.6537302732467651,0.8543516873889876
3472,472,4,3,0.00025890214601531625,1.0,1.6435415744781494,0.8543516873889876
3473,473,4,3,0.0002597783168312162,1.0,1.6543512344360352,0.8543516873889876
3474,474,4,3,0.0002560389111749828,1.0,1.6439149379730225,0.8543516873889876
3475,475,4,3,0.0002518942637834698,1.0,1.6545825004577637,0.8543516873889876
3476,476,4,3,0.00024279503850266337,1.0,1.6446149349212646,0.8543516873889876
3477,477,4,3,0.00023220414004754275,1.0,1.6539498567581177,0.8543516873889876
3478,478,4,3,0.00021735842165071517,1.0,1.6458653211593628,0.8543516873889876
3479,479,4,3,0.00020159494306426495,1.0,1.6528393030166626,0.8543516873889876
3480,480,4,3,0.0001851569686550647,1.0,1.6474355459213257,0.8543516873889876
3481,481,4,3,0.00017054284398909658,1.0,1.6517133712768555,0.8543516873889876
3482,482,4,3,0.00015849321789573878,1.0,1.649038314819336,0.8543516873889876
3483,483,4,3,0.00014969357289373875,1.0,1.6506247520446777,0.8543516873889876
3484,484,4,3,0.0001440933410776779,1.0,1.6505675315856934,0.8543516873889876
3485,485,4,3,0.0001411089178873226,1.0,1.6494965553283691,0.8543516873889876
3486,486,4,3,0.00014013831969350576,1.0,1.6519044637680054,0.8543516873889876
3487,487,4,3,0.0001407574163749814,1.0,1.6485955715179443,0.8543516873889876
3488,488,4,3,0.00014291025581769645,1.0,1.6532517671585083,0.8543516873889876
3489,489,4,3,0.00014648036449216306,1.0,1.6478304862976074,0.8543516873889876
3490,490,4,3,0.00015186802193056792,1.0,1.6543490886688232,0.8543516873889876
3491,491,4,3,0.00015919239376671612,1.0,1.6468722820281982,0.8543516873889876
3492,492,4,3,0.00016929909179452807,1.0,1.6556758880615234,0.8543516873889876
3493,493,4,3,0.0001821640325943008,1.0,1.6457533836364746,0.8543516873889876
3494,494,4,3,0.00020068039884790778,1.0,1.657480239868164,0.8543516873889876
3495,495,4,3,0.00022302767320070416,1.0,1.6443179845809937,0.8543516873889876
3496,496,4,3,0.000254185899393633,1.0,1.6594734191894531,0.8543516873889876
3497,497,4,3,0.00028830519295297563,1.0,1.6427594423294067,0.8525754884547069
3498,498,4,3,0.00033033854560926557,1.0,1.6613272428512573,0.8543516873889876
3499,499,4,3,0.0003670354199130088,1.0,1.6416386365890503,0.8525754884547069
3500,500,4,3,0.00039894282235763967,1.0,1.6619784832000732,0.8543516873889876
3501,501,4,3,0.00040362257277593017,1.0,1.641904592514038,0.8525754884547069
3502,502,4,3,0.00038091710302978754,1.0,1.6603724956512451,0.8543516873889876
3503,503,4,3,0.0003173851582687348,1.0,1.644951581954956,0.8543516873889876
3504,504,4,3,0.00023410888388752937,1.0,1.656213641166687,0.8543516873889876
3505,505,4,3,0.00015223193622659892,1.0,1.6503030061721802,0.8543516873889876
3506,506,4,3,0.00010154592746403068,1.0,1.6510155200958252,0.8543516873889876
3507,507,4,3,9.373304055770859e-05,1.0,1.6554023027420044,0.8543516873889876
3508,508,4,3,0.00011990424536634237,1.0,1.6473619937896729,0.8543516873889876
3509,509,4,3,0.0001589722087373957,1.0,1.6582432985305786,0.8543516873889876
3510,510,4,3,0.00018854005611501634,1.0,1.646225094795227,0.8525754884547069
3511,511,4,3,0.0001987115974770859,1.0,1.6583126783370972,0.8543516873889876
3512,512,4,3,0.00018240635108668357,1.0,1.6475845575332642,0.8507992895204263
3513,513,4,3,0.00015089064254425466,1.0,1.6560430526733398,0.8525754884547069
3514,514,4,3,0.00011386068945284933,1.0,1.6508136987686157,0.8507992895204263
3515,515,4,3,8.627690840512514e-05,1.0,1.6527248620986938,0.8507992895204263
3516,516,4,3,7.54952707211487e-05,1.0,1.6543946266174316,0.8543516873889876
3517,517,4,3,8.082842396106571e-05,1.0,1.6501681804656982,0.8507992895204263
3518,518,4,3,9.510732343187556e-05,1.0,1.6567635536193848,0.8543516873889876
3519,519,4,3,0.00010917468898696825,1.0,1.6491667032241821,0.8507992895204263
3520,520,4,3,0.00011739136243704706,1.0,1.657353401184082,0.8525754884547069
3521,521,4,3,0.00011579585407162085,1.0,1.6496937274932861,0.8507992895204263
3522,522,4,3,0.00010661235864972696,1.0,1.6563843488693237,0.8507992895204263
3523,523,4,3,9.241928637493402e-05,1.0,1.6512616872787476,0.8507992895204263
3524,524,4,3,7.80936170485802e-05,1.0,1.6546705961227417,0.8507992895204263
3525,525,4,3,6.713381299050525e-05,1.0,1.6532437801361084,0.8507992895204263
3526,526,4,3,6.150114495540038e-05,1.0,1.6529995203018188,0.8507992895204263
3527,527,4,3,6.110074173193425e-05,1.0,1.6550692319869995,0.8507992895204263
3528,528,4,3,6.435177783714607e-05,1.0,1.6518009901046753,0.8507992895204263
3529,529,4,3,6.94624541210942e-05,1.0,1.6563732624053955,0.8507992895204263
3530,530,4,3,7.42435731808655e-05,1.0,1.6511192321777344,0.8507992895204263
3531,531,4,3,7.809051021467894e-05,1.0,1.6569958925247192,0.8507992895204263
3532,532,4,3,7.938978524180129e-05,1.0,1.6509878635406494,0.8507992895204263
3533,533,4,3,7.898576586740091e-05,1.0,1.6569654941558838,0.8507992895204263
3534,534,4,3,7.597102376166731e-05,1.0,1.6514523029327393,0.8507992895204263
3535,535,4,3,7.188066228991374e-05,1.0,1.6565850973129272,0.8507992895204263
3536,536,4,3,6.661961378995329e-05,1.0,1.6522735357284546,0.8507992895204263
3537,537,4,3,6.141481571830809e-05,1.0,1.6560003757476807,0.8507992895204263
3538,538,4,3,5.6392542319372296e-05,1.0,1.6530990600585938,0.8507992895204263
3539,539,4,3,5.214337579673156e-05,1.0,1.655441164970398,0.8507992895204263
3540,540,4,3,4.867033567279577e-05,1.0,1.6538686752319336,0.8507992895204263
3541,541,4,3,4.606402217177674e-05,1.0,1.6549428701400757,0.8507992895204263
3542,542,4,3,4.4239102862775326e-05,1.0,1.6546012163162231,0.8507992895204263
3543,543,4,3,4.3059779272880405e-05,1.0,1.6544591188430786,0.8507992895204263
3544,544,4,3,4.236962558934465e-05,1.0,1.6552337408065796,0.8507992895204263
3545,545,4,3,4.2059684346895665e-05,1.0,1.653944730758667,0.8507992895204263
3546,546,4,3,4.209067628835328e-05,1.0,1.6557955741882324,0.8507992895204263
3547,547,4,3,4.249386984156445e-05,1.0,1.6534364223480225,0.8507992895204263
3548,548,4,3,4.342563624959439e-05,1.0,1.6564619541168213,0.8507992895204263
3549,549,4,3,4.490528954192996e-05,1.0,1.6529406309127808,0.8507992895204263
3550,550,4,3,4.736567279906012e-05,1.0,1.6572346687316895,0.8507992895204263
3551,551,4,3,5.09394085383974e-05,1.0,1.6524150371551514,0.8507992895204263
3552,552,4,3,5.6369462981820107e-05,1.0,1.6582140922546387,0.8507992895204263
3553,553,4,3,6.405152817023918e-05,1.0,1.6514796018600464,0.8507992895204263
3554,554,4,3,7.599685341119766e-05,1.0,1.6596108675003052,0.8507992895204263
3555,555,4,3,9.272120223613456e-05,1.0,1.6499170064926147,0.8507992895204263
3556,556,4,3,0.00011820832878584042,1.0,1.661716103553772,0.8507992895204263
3557,557,4,3,0.00015431390784215182,1.0,1.6476114988327026,0.8507992895204263
3558,558,4,3,0.00020884047262370586,1.0,1.6646881103515625,0.8507992895204263
3559,559,4,3,0.00028401531744748354,1.0,1.6444947719573975,0.8507992895204263
3560,560,4,3,0.00039333925815299153,1.0,1.6685141324996948,0.8525754884547069
3561,561,4,3,0.0005286404048092663,1.0,1.6410101652145386,0.8507992895204263
3562,562,4,3,0.0006938757724128664,1.0,1.6720627546310425,0.8525754884547069
3563,563,4,3,0.0008318120380863547,1.0,1.6394195556640625,0.8507992895204263
3564,564,4,3,0.0009036228875629604,1.0,1.6715713739395142,0.8525754884547069
3565,565,4,3,0.0008073225035332143,1.0,1.6436995267868042,0.8507992895204263
3566,566,4,3,0.0005558475968427956,1.0,1.663059115409851,0.8507992895204263
3567,567,4,3,0.00024008183390833437,1.0,1.6544840335845947,0.8507992895204263
3568,568,4,3,4.930805880576372e-05,1.0,1.6512655019760132,0.8507992895204263
3569,569,4,3,6.887526978971437e-05,1.0,1.6638859510421753,0.8507992895204263
3570,570,4,3,0.00022299433476291597,1.0,1.6458375453948975,0.8507992895204263
3571,571,4,3,0.00036025792360305786,1.0,1.6649553775787354,0.8543516873889876
3572,572,4,3,0.0003642749215941876,1.0,1.649095058441162,0.8507992895204263
3573,573,4,3,0.00024775814381428063,1.0,1.658448576927185,0.8525754884547069
3574,574,4,3,0.00010051484423456714,1.0,1.6567021608352661,0.8507992895204263
3575,575,4,3,3.1286050216294825e-05,1.0,1.6513888835906982,0.8507992895204263
3576,576,4,3,6.716333155054599e-05,1.0,1.6615687608718872,0.8507992895204263
3577,577,4,3,0.00014950787590350956,1.0,1.649552583694458,0.8507992895204263
3578,578,4,3,0.0001976417115656659,1.0,1.660406470298767,0.8525754884547069
3579,579,4,3,0.0001716045953799039,1.0,1.653076171875,0.8507992895204263
3580,580,4,3,9.922385652316734e-05,1.0,1.655787706375122,0.8507992895204263
3581,581,4,3,3.800724880420603e-05,1.0,1.6577050685882568,0.8507992895204263
3582,582,4,3,2.76269292953657e-05,1.0,1.6523499488830566,0.8507992895204263
3583,583,4,3,6.10784045420587e-05,1.0,1.6595827341079712,0.8507992895204263
3584,584,4,3,9.964173659682274e-05,1.0,1.6525533199310303,0.8507992895204263
3585,585,4,3,0.000109187385533005,1.0,1.6582345962524414,0.8507992895204263
3586,586,4,3,8.351040014531463e-05,1.0,1.65516996383667,0.8507992895204263
3587,587,4,3,4.489967614063062e-05,1.0,1.6556472778320312,0.8507992895204263
3588,588,4,3,2.0980887711630203e-05,1.0,1.6576696634292603,0.8507992895204263
3589,589,4,3,2.3884835172793828e-05,1.0,1.654170274734497,0.8507992895204263
3590,590,4,3,4.410557812661864e-05,1.0,1.6585655212402344,0.8507992895204263
3591,591,4,3,6.162869249237701e-05,1.0,1.6544650793075562,0.8507992895204263
3592,592,4,3,6.269429286476225e-05,1.0,1.657844066619873,0.8507992895204263
3593,593,4,3,4.7278630518121645e-05,1.0,1.6557966470718384,0.8507992895204263
3594,594,4,3,2.7472389774629846e-05,1.0,1.656443476676941,0.8507992895204263
3595,595,4,3,1.587004226166755e-05,1.0,1.657099723815918,0.8507992895204263
3596,596,4,3,1.74011383933248e-05,1.0,1.6554168462753296,0.8507992895204263
3597,597,4,3,2.733566907409113e-05,1.0,1.6578137874603271,0.8507992895204263
3598,598,4,3,3.6530600482365116e-05,1.0,1.6551997661590576,0.8507992895204263
3599,599,4,3,3.841541547444649e-05,1.0,1.6577545404434204,0.8507992895204263
3600,600,4,3,3.219137943233363e-05,1.0,1.6556354761123657,0.8507992895204263
3601,601,4,3,2.2492764401249588e-05,1.0,1.6571506261825562,0.8507992895204263
3602,602,4,3,1.488478847022634e-05,1.0,1.6564744710922241,0.8507992895204263
3603,603,4,3,1.2672546290559694e-05,1.0,1.656360149383545,0.8507992895204263
3604,604,4,3,1.5397674360428937e-05,1.0,1.6572920083999634,0.8507992895204263
3605,605,4,3,2.000787208089605e-05,1.0,1.6557725667953491,0.8507992895204263
3606,606,4,3,2.3248110665008426e-05,1.0,1.6577324867248535,0.8507992895204263
3607,607,4,3,2.3306256480282173e-05,1.0,1.6556161642074585,0.8507992895204263
3608,608,4,3,2.046195004368201e-05,1.0,1.6576366424560547,0.8507992895204263
3609,609,4,3,1.625925324333366e-05,1.0,1.6559104919433594,0.8507992895204263
3610,610,4,3,1.2682658962148707e-05,1.0,1.657173752784729,0.8507992895204263
3611,611,4,3,1.087517011910677e-05,1.0,1.6565935611724854,0.8507992895204263
3612,612,4,3,1.096796495403396e-05,1.0,1.6566170454025269,0.8507992895204263
3613,613,4,3,1.2273571883270051e-05,1.0,1.6573450565338135,0.8507992895204263
3614,614,4,3,1.3814246813126374e-05,1.0,1.6561146974563599,0.8507992895204263
3615,615,4,3,1.4801928045926616e-05,1.0,1.6577671766281128,0.8507992895204263
3616,616,4,3,1.4800539247517008e-05,1.0,1.655880331993103,0.8507992895204263
3617,617,4,3,1.394813989463728e-05,1.0,1.6578569412231445,0.8507992895204263
3618,618,4,3,1.2510212400229648e-05,1.0,1.6560242176055908,0.8507992895204263
3619,619,4,3,1.0981525520037394e-05,1.0,1.6576404571533203,0.8507992895204263
3620,620,4,3,9.664415301813278e-06,1.0,1.656476378440857,0.8507992895204263
3621,621,4,3,8.794037057668902e-06,1.0,1.6572071313858032,0.8507992895204263
3622,622,4,3,8.429590707237367e-06,1.0,1.6570554971694946,0.8507992895204263
3623,623,4,3,8.484253157803323e-06,1.0,1.65679132938385,0.8507992895204263
3624,624,4,3,8.798960152489599e-06,1.0,1.657599687576294,0.8507992895204263
3625,625,4,3,9.20176535146311e-06,1.0,1.656453013420105,0.8507992895204263
3626,626,4,3,9.573804163665045e-06,1.0,1.6579471826553345,0.8507992895204263
3627,627,4,3,9.791797310754191e-06,1.0,1.656287670135498,0.8507992895204263
3628,628,4,3,9.816443707677536e-06,1.0,1.6580811738967896,0.8507992895204263
3629,629,4,3,9.599208169674966e-06,1.0,1.6562871932983398,0.8507992895204263
3630,630,4,3,9.241139196092263e-06,1.0,1.6580296754837036,0.8507992895204263
3631,631,4,3,8.738600627111737e-06,1.0,1.65646493434906,0.8507992895204263
3632,632,4,3,8.183258614735678e-06,1.0,1.6578612327575684,0.8507992895204263
3633,633,4,3,7.6154537964612246e-06,1.0,1.6567504405975342,0.8507992895204263
3634,634,4,3,7.105435997800669e-06,1.0,1.6576346158981323,0.8507992895204263
3635,635,4,3,6.674066298728576e-06,1.0,1.6570472717285156,0.8507992895204263
3636,636,4,3,6.328341896733036e-06,1.0,1.6574304103851318,0.8507992895204263
3637,637,4,3,6.0630845837295055e-06,1.0,1.6573230028152466,0.8507992895204263
3638,638,4,3,5.863973910891218e-06,1.0,1.6572972536087036,0.8507992895204263
3639,639,4,3,5.71249393033213e-06,1.0,1.657548189163208,0.8507992895204263
3640,640,4,3,5.5978471209527925e-06,1.0,1.6571968793869019,0.8507992895204263
3641,641,4,3,5.50434833712643e-06,1.0,1.6577242612838745,0.8507992895204263
3642,642,4,3,5.427526502899127e-06,1.0,1.6571087837219238,0.8507992895204263
3643,643,4,3,5.36908282811055e-06,1.0,1.6578707695007324,0.8507992895204263
3644,644,4,3,5.320589025359368e-06,1.0,1.6570217609405518,0.8507992895204263
3645,645,4,3,5.299402346281568e-06,1.0,1.6580228805541992,0.8507992895204263
3646,646,4,3,5.283282916934695e-06,1.0,1.6569480895996094,0.8507992895204263
3647,647,4,3,5.292803052725503e-06,1.0,1.6581617593765259,0.8507992895204263
3648,648,4,3,5.325548045220785e-06,1.0,1.656901478767395,0.8507992895204263
3649,649,4,3,5.415713530965149e-06,1.0,1.658341884613037,0.8507992895204263
3650,650,4,3,5.583450729318429e-06,1.0,1.6568325757980347,0.8507992895204263
3651,651,4,3,5.892855369893368e-06,1.0,1.6585278511047363,0.8507992895204263
3652,652,4,3,6.408376520994352e-06,1.0,1.6566709280014038,0.8507992895204263
3653,653,4,3,7.292292139027268e-06,1.0,1.658807635307312,0.8507992895204263
3654,654,4,3,8.68410734256031e-06,1.0,1.6563552618026733,0.8507992895204263
3655,655,4,3,1.0970060429826844e-05,1.0,1.6592539548873901,0.8507992895204263
3656,656,4,3,1.4544663827109616e-05,1.0,1.655794620513916,0.8507992895204263
3657,657,4,3,2.0331452105892822e-05,1.0,1.6599754095077515,0.8507992895204263
3658,658,4,3,2.949092595372349e-05,1.0,1.6548840999603271,0.8507992895204263
3659,659,4,3,4.442517092684284e-05,1.0,1.6611969470977783,0.8507992895204263
3660,660,4,3,6.825930177001283e-05,1.0,1.6534161567687988,0.8507992895204263
3661,661,4,3,0.00010739506251411512,1.0,1.6632490158081055,0.8507992895204263
3662,662,4,3,0.00017071764159481972,1.0,1.6510088443756104,0.8507992895204263
3663,663,4,3,0.0002755024179350585,1.0,1.6666172742843628,0.8543516873889876
3664,664,4,3,0.00044405850348994136,1.0,1.6471295356750488,0.8507992895204263
3665,665,4,3,0.0007145833224058151,1.0,1.6716629266738892,0.8561278863232682
3666,666,4,3,0.001109122415073216,1.0,1.6422576904296875,0.8507992895204263
3667,667,4,3,0.0016643994022160769,1.0,1.677283763885498,0.8561278863232682
3668,668,4,3,0.0022430846001952887,1.0,1.640065312385559,0.8525754884547069
3669,669,4,3,0.002654735464602709,1.0,1.6754693984985352,0.8543516873889876
3670,670,4,3,0.0023743356578052044,1.0,1.6493526697158813,0.8525754884547069
3671,671,4,3,0.0014585907338187099,1.0,1.6562155485153198,0.8561278863232682
3672,672,4,3,0.0004924993845634162,1.0,1.6697702407836914,0.8525754884547069
3673,673,4,3,0.000298449769616127,1.0,1.6375377178192139,0.8543516873889876
3674,674,4,3,0.0007648997707292438,1.0,1.6776930093765259,0.8525754884547069
3675,675,4,3,0.001078010885976255,1.0,1.6420161724090576,0.8507992895204263
3676,676,4,3,0.0007988520665094256,1.0,1.6608619689941406,0.8543516873889876
3677,677,4,3,0.0002526405151002109,1.0,1.6653956174850464,0.8525754884547069
3678,678,4,3,0.000160857496666722,1.0,1.639858603477478,0.8543516873889876
3679,679,4,3,0.0005289176478981972,1.0,1.677538275718689,0.8543516873889876
3680,680,4,3,0.0007234851364046335,1.0,1.6418827772140503,0.8525754884547069
3681,681,4,3,0.0004466127429623157,1.0,1.6625422239303589,0.8507992895204263
3682,682,4,3,6.225815013749525e-05,1.0,1.6623057126998901,0.8525754884547069
3683,683,4,3,7.064671808620915e-05,1.0,1.6438933610916138,0.8525754884547069
3684,684,4,3,0.00033913220977410674,1.0,1.671683430671692,0.8543516873889876
3685,685,4,3,0.00039972265949472785,1.0,1.646281123161316,0.8543516873889876
3686,686,4,3,0.00018952949903905392,1.0,1.659134030342102,0.8507992895204263
3687,687,4,3,4.346784407971427e-05,1.0,1.6615221500396729,0.8543516873889876
3688,688,4,3,0.0001401234621880576,1.0,1.6479846239089966,0.8507992895204263
3689,689,4,3,0.0002556362305767834,1.0,1.665209174156189,0.8525754884547069
3690,690,4,3,0.0001763261971063912,1.0,1.6531561613082886,0.8507992895204263
3691,691,4,3,3.107785596512258e-05,1.0,1.655116081237793,0.8507992895204263
3692,692,4,3,3.1734700314700603e-05,1.0,1.662799596786499,0.8543516873889876
3693,693,4,3,0.00013981155643705279,1.0,1.6511614322662354,0.8507992895204263
3694,694,4,3,0.00016595434863120317,1.0,1.660614252090454,0.8543516873889876
3695,695,4,3,7.586985157104209e-05,1.0,1.658586025238037,0.8507992895204263
3696,696,4,3,1.396069274051115e-05,1.0,1.6521657705307007,0.8525754884547069
3697,697,4,3,5.132198566570878e-05,1.0,1.6641672849655151,0.8525754884547069
3698,698,4,3,9.748274169396609e-05,1.0,1.6523244380950928,0.8507992895204263
3699,699,4,3,7.036492752376944e-05,1.0,1.6587659120559692,0.8507992895204263
3700,700,4,3,1.592861008248292e-05,1.0,1.660125732421875,0.8507992895204263
3701,701,4,3,1.64885805133963e-05,1.0,1.6515940427780151,0.8525754884547069
3702,702,4,3,5.787191912531853e-05,1.0,1.6634352207183838,0.8525754884547069
3703,703,4,3,6.752892659278587e-05,1.0,1.653011679649353,0.8525754884547069
3704,704,4,3,3.253070099162869e-05,1.0,1.6582598686218262,0.8507992895204263
3705,705,4,3,5.89963292441098e-06,1.0,1.6593948602676392,0.8507992895204263
3706,706,4,3,1.8339298549108207e-05,1.0,1.6534264087677002,0.8525754884547069
3707,707,4,3,3.854788519674912e-05,1.0,1.6610180139541626,0.8507992895204263
3708,708,4,3,3.120858673355542e-05,1.0,1.655145525932312,0.8525754884547069
3709,709,4,3,9.36677406571107e-06,1.0,1.6570968627929688,0.8507992895204263
3710,710,4,3,5.349339062377112e-06,1.0,1.6591567993164062,0.8525754884547069
3711,711,4,3,2.0473007680266164e-05,1.0,1.6547445058822632,0.8507992895204263
3712,712,4,3,2.8597605705726892e-05,1.0,1.6588833332061768,0.8525754884547069
3713,713,4,3,1.7968124666367657e-05,1.0,1.6571214199066162,0.8507992895204263
3714,714,4,3,5.059781415184261e-06,1.0,1.655658483505249,0.8525754884547069
3715,715,4,3,5.864952981937677e-06,1.0,1.6599817276000977,0.8507992895204263
3716,716,4,3,1.4306334378488827e-05,1.0,1.654727816581726,0.8525754884547069
3717,717,4,3,1.522760430816561e-05,1.0,1.6589438915252686,0.8507992895204263
3718,718,4,3,7.105783879524097e-06,1.0,1.6573600769042969,0.8507992895204263
3719,719,4,3,1.5181713024503551e-06,1.0,1.6559956073760986,0.8525754884547069
3720,720,4,3,4.785691999131814e-06,1.0,1.6597152948379517,0.8507992895204263
3721,721,4,3,1.03798938653199e-05,1.0,1.6551215648651123,0.8525754884547069
3722,722,4,3,1.0121293598785996e-05,1.0,1.658949375152588,0.8507992895204263
3723,723,4,3,5.152602170710452e-06,1.0,1.6569637060165405,0.8525754884547069
3724,724,4,3,2.5007179829117376e-06,1.0,1.6568503379821777,0.8507992895204263
3725,725,4,3,4.717112460639328e-06,1.0,1.6584951877593994,0.8507992895204263
3726,726,4,3,7.465547696483554e-06,1.0,1.6563326120376587,0.8507992895204263
3727,727,4,3,6.508705155283678e-06,1.0,1.6578348875045776,0.8525754884547069
3728,728,4,3,3.128862317680614e-06,1.0,1.657690167427063,0.8507992895204263
3729,729,4,3,1.4384978612724808e-06,1.0,1.6563531160354614,0.8525754884547069
3730,730,4,3,2.66755137090513e-06,1.0,1.658739686012268,0.8507992895204263
3731,731,4,3,4.242261184117524e-06,1.0,1.6562001705169678,0.8507992895204263
3732,732,4,3,3.7423751564347185e-06,1.0,1.6581573486328125,0.8507992895204263
3733,733,4,3,1.8306952824787004e-06,1.0,1.657454252243042,0.8507992895204263
3734,734,4,3,8.184197213267908e-07,1.0,1.6568948030471802,0.8507992895204263
3735,735,4,3,1.536232048238162e-06,1.0,1.6585031747817993,0.8507992895204263
3736,736,4,3,2.6349048312113155e-06,1.0,1.6565358638763428,0.8507992895204263
3737,737,4,3,2.625319893923006e-06,1.0,1.658258080482483,0.8507992895204263
3738,738,4,3,1.6322766214216244e-06,1.0,1.6572295427322388,0.8507992895204263
3739,739,4,3,9.283382951252861e-07,1.0,1.657376766204834,0.8507992895204263
3740,740,4,3,1.2167039358246257e-06,1.0,1.6579338312149048,0.8507992895204263
3741,741,4,3,1.962771648322814e-06,1.0,1.6570736169815063,0.8507992895204263
3742,742,4,3,2.248838882223936e-06,1.0,1.65775465965271,0.8507992895204263
3743,743,4,3,1.8858025896406616e-06,1.0,1.657646656036377,0.8507992895204263
3744,744,4,3,1.4804376178290113e-06,1.0,1.6570091247558594,0.8525754884547069
3745,745,4,3,1.6252409977823845e-06,1.0,1.6584384441375732,0.8507992895204263
3746,746,4,3,2.278257397847483e-06,1.0,1.6565017700195312,0.8525754884547069
3747,747,4,3,2.9695879675273318e-06,1.0,1.6586947441101074,0.8507992895204263
3748,748,4,3,3.4336396765866084e-06,1.0,1.6565864086151123,0.8525754884547069
3749,749,4,3,3.92599031329155e-06,1.0,1.6584923267364502,0.8507992895204263
3750,750,4,3,4.9440868679084815e-06,1.0,1.656827688217163,0.8525754884547069
3751,751,4,3,6.837982709839707e-06,1.0,1.6584289073944092,0.8507992895204263
3752,752,4,3,9.727788892632816e-06,1.0,1.6565905809402466,0.8525754884547069
3753,753,4,3,1.3826639587932732e-05,1.0,1.659016728401184,0.8507992895204263
3754,754,4,3,1.980877641472034e-05,1.0,1.655654788017273,0.8543516873889876
3755,755,4,3,2.899055471061729e-05,1.0,1.660264253616333,0.8507992895204263
3756,756,4,3,4.3464784539537504e-05,1.0,1.6541897058486938,0.8543516873889876
3757,757,4,3,6.627789844060317e-05,1.0,1.661972999572754,0.8507992895204263
3758,758,4,3,0.0001022604774334468,1.0,1.6523011922836304,0.8543516873889876
3759,759,4,3,0.00015878965496085584,1.0,1.6642124652862549,0.8525754884547069
3760,760,4,3,0.00024717379710637033,1.0,1.649753451347351,0.8543516873889876
3761,761,4,3,0.000384352111723274,1.0,1.6674885749816895,0.8507992895204263
3762,762,4,3,0.0005909121828153729,1.0,1.646225094795227,0.8543516873889876
3763,763,4,3,0.0008838621433824301,1.0,1.671813726425171,0.8507992895204263
3764,764,4,3,0.0012632039142772555,1.0,1.6424379348754883,0.8543516873889876
3765,765,4,3,0.0016597450012341142,1.0,1.6744818687438965,0.8490230905861457
3766,766,4,3,0.0019314945675432682,1.0,1.6418503522872925,0.8543516873889876
3767,767,4,3,0.0018551573157310486,1.0,1.6694140434265137,0.8507992895204263
3768,768,4,3,0.001365769887343049,1.0,1.6485466957092285,0.8561278863232682
3769,769,4,3,0.0006416668184101582,1.0,1.6563477516174316,0.8507992895204263
3770,770,4,3,0.00011292412818875164,1.0,1.6597157716751099,0.8507992895204263
3771,771,4,3,5.240836617304012e-05,1.0,1.6465922594070435,0.8543516873889876
3772,772,4,3,0.00036290474236011505,1.0,1.665197491645813,0.8507992895204263
3773,773,4,3,0.0007019124459475279,1.0,1.6467567682266235,0.8561278863232682
3774,774,4,3,0.0007709813653491437,1.0,1.6601040363311768,0.8507992895204263
3775,775,4,3,0.0005357260815799236,1.0,1.6543790102005005,0.8561278863232682
3776,776,4,3,0.00020586654136423022,1.0,1.6510438919067383,0.8543516873889876
3777,777,4,3,4.014221849502064e-05,1.0,1.6612024307250977,0.8507992895204263
3778,778,4,3,0.00011044419079553336,1.0,1.6481680870056152,0.8543516873889876
3779,779,4,3,0.0002820958325173706,1.0,1.6604090929031372,0.8507992895204263
3780,780,4,3,0.00037301258998923004,1.0,1.6525912284851074,0.8561278863232682
3781,781,4,3,0.0003086240030825138,1.0,1.653780460357666,0.8507992895204263
3782,782,4,3,0.0001623598946025595,1.0,1.6586580276489258,0.8561278863232682
3783,783,4,3,5.5659715144429356e-05,1.0,1.6496825218200684,0.8543516873889876
3784,784,4,3,5.23816779605113e-05,1.0,1.660075068473816,0.8507992895204263
3785,785,4,3,0.00011736647138604894,1.0,1.6518869400024414,0.8543516873889876
3786,786,4,3,0.00017178713460452855,1.0,1.655937671661377,0.8507992895204263
3787,787,4,3,0.00016810299712233245,1.0,1.6568710803985596,0.8561278863232682
3788,788,4,3,0.00011426043056417257,1.0,1.6513880491256714,0.8525754884547069
3789,789,4,3,5.66129747312516e-05,1.0,1.6592963933944702,0.8507992895204263
3790,790,4,3,3.160585765726864e-05,1.0,1.6513861417770386,0.8543516873889876
3791,791,4,3,4.4066819100407884e-05,1.0,1.657198190689087,0.8507992895204263
3792,792,4,3,7.143471157178283e-05,1.0,1.6551042795181274,0.8543516873889876
3793,793,4,3,8.641333261039108e-05,1.0,1.653286099433899,0.8507992895204263
3794,794,4,3,7.7325981692411e-05,1.0,1.6582823991775513,0.8543516873889876
3795,795,4,3,5.090491322334856e-05,1.0,1.6517360210418701,0.8543516873889876
3796,796,4,3,2.5605100745451637e-05,1.0,1.6579909324645996,0.8507992895204263
3797,797,4,3,1.5622999853803776e-05,1.0,1.6536732912063599,0.8543516873889876
3798,798,4,3,2.31564263231121e-05,1.0,1.655067801475525,0.8507992895204263
3799,799,4,3,3.800424747169018e-05,1.0,1.6566805839538574,0.8543516873889876
3800,800,4,3,4.62226162198931e-05,1.0,1.6526908874511719,0.8507992895204263
3801,801,4,3,4.080807411810383e-05,1.0,1.6578571796417236,0.8543516873889876
3802,802,4,3,2.5099254344240762e-05,1.0,1.6529465913772583,0.8543516873889876
3803,803,4,3,1.0084028872370254e-05,1.0,1.6565427780151367,0.8525754884547069
3804,804,4,3,4.825357791560236e-06,1.0,1.6551958322525024,0.8543516873889876
3805,805,4,3,1.0596090760373045e-05,1.0,1.654298186302185,0.8507992895204263
3806,806,4,3,2.064280488411896e-05,1.0,1.6570864915847778,0.8543516873889876
3807,807,4,3,2.6052679459098727e-05,1.0,1.65326726436615,0.8543516873889876
3808,808,4,3,2.2731745048076846e-05,1.0,1.6572153568267822,0.8543516873889876
3809,809,4,3,1.3136365851096343e-05,1.0,1.654152512550354,0.8543516873889876
3810,810,4,3,4.066218025400303e-06,1.0,1.6558573246002197,0.8543516873889876
3811,811,4,3,8.400779165640415e-07,1.0,1.6559168100357056,0.8543516873889876
3812,812,4,3,4.102291313756723e-06,1.0,1.6544102430343628,0.8543516873889876
3813,813,4,3,1.0038064829132054e-05,1.0,1.6569836139678955,0.8543516873889876
3814,814,4,3,1.3752183804172091e-05,1.0,1.6540395021438599,0.8543516873889876
3815,815,4,3,1.2837313988711685e-05,1.0,1.656733751296997,0.8543516873889876
3816,816,4,3,8.2150754678878e-06,1.0,1.6548478603363037,0.8543516873889876
3817,817,4,3,3.1154991120274644e-06,1.0,1.6556206941604614,0.8543516873889876
3818,818,4,3,3.898722980011371e-07,1.0,1.6559958457946777,0.8543516873889876
3819,819,4,3,9.229722763848258e-07,1.0,1.6546480655670166,0.8543516873889876
3820,820,4,3,3.4626857541297795e-06,1.0,1.6565992832183838,0.8543516873889876
3821,821,4,3,5.874555426998995e-06,1.0,1.6544989347457886,0.8543516873889876
3822,822,4,3,6.63380387777579e-06,1.0,1.6563559770584106,0.8543516873889876
3823,823,4,3,5.511491508514155e-06,1.0,1.655104637145996,0.8543516873889876
3824,824,4,3,3.4047855024255114e-06,1.0,1.655610203742981,0.8543516873889876
3825,825,4,3,1.507945057710458e-06,1.0,1.6558966636657715,0.8543516873889876
3826,826,4,3,6.07490619586315e-07,1.0,1.6549710035324097,0.8543516873889876
3827,827,4,3,7.702017796873406e-07,1.0,1.6563336849212646,0.8543516873889876
3828,828,4,3,1.5226677305690828e-06,1.0,1.6548603773117065,0.8543516873889876
3829,829,4,3,2.26808083425567e-06,1.0,1.6562310457229614,0.8543516873889876
3830,830,4,3,2.6099683054781053e-06,1.0,1.655224323272705,0.8543516873889876
3831,831,4,3,2.4790747374936473e-06,1.0,1.6557523012161255,0.8543516873889876
3832,832,4,3,2.0275906535971444e-06,1.0,1.6557432413101196,0.8543516873889876
3833,833,4,3,1.4887563111187774e-06,1.0,1.6552848815917969,0.8543516873889876
3834,834,4,3,1.034024194268568e-06,1.0,1.6561033725738525,0.8543516873889876
3835,835,4,3,7.36377842258662e-07,1.0,1.6551072597503662,0.8543516873889876
3836,836,4,3,5.913914833399758e-07,1.0,1.6561435461044312,0.8543516873889876
3837,837,4,3,5.6399227332804e-07,1.0,1.6552588939666748,0.8543516873889876
3838,838,4,3,6.20398736828065e-07,1.0,1.6559122800827026,0.8543516873889876
3839,839,4,3,7.299408366634452e-07,1.0,1.655594825744629,0.8543516873889876
3840,840,4,3,8.571630587539403e-07,1.0,1.655612826347351,0.8543516873889876
3841,841,4,3,9.592916967449128e-07,1.0,1.6559220552444458,0.8543516873889876
3842,842,4,3,9.958321243175305e-07,1.0,1.6554062366485596,0.8543516873889876
3843,843,4,3,9.395669167133747e-07,1.0,1.656072974205017,0.8543516873889876
3844,844,4,3,7.937155146464647e-07,1.0,1.6553666591644287,0.8543516873889876
3845,845,4,3,5.885527230020671e-07,1.0,1.656024694442749,0.8543516873889876
3846,846,4,3,3.7454114476531686e-07,1.0,1.655488133430481,0.8543516873889876
3847,847,4,3,2.0213541063185403e-07,1.0,1.655860424041748,0.8543516873889876
3848,848,4,3,1.0570170871915252e-07,1.0,1.6556963920593262,0.8543516873889876
3849,849,4,3,9.39057542836963e-08,1.0,1.6556806564331055,0.8543516873889876
3850,850,4,3,1.5104042461189238e-07,1.0,1.6558820009231567,0.8543516873889876
3851,851,4,3,2.4628084815958573e-07,1.0,1.65555739402771,0.8543516873889876
3852,852,4,3,3.4591070630085596e-07,1.0,1.6559827327728271,0.8543516873889876
3853,853,4,3,4.2335545913374517e-07,1.0,1.6555284261703491,0.8543516873889876
3854,854,4,3,4.6436403522420733e-07,1.0,1.655991554260254,0.8543516873889876
3855,855,4,3,4.666972870381869e-07,1.0,1.655582070350647,0.8543516873889876
3856,856,4,3,4.3849016151398246e-07,1.0,1.6559256315231323,0.8543516873889876
3857,857,4,3,3.91800909937956e-07,1.0,1.655684471130371,0.8543516873889876
3858,858,4,3,3.3948813893402985e-07,1.0,1.6558270454406738,0.8543516873889876
3859,859,4,3,2.9096651132931584e-07,1.0,1.6557968854904175,0.8543516873889876
3860,860,4,3,2.5148946747322043e-07,1.0,1.6557353734970093,0.8543516873889876
3861,861,4,3,2.2182523196079273e-07,1.0,1.6558890342712402,0.8543516873889876
3862,862,4,3,2.0040624804096296e-07,1.0,1.6556752920150757,0.8543516873889876
3863,863,4,3,1.8419466130126239e-07,1.0,1.655943512916565,0.8543516873889876
3864,864,4,3,1.7043123534676852e-07,1.0,1.6556559801101685,0.8543516873889876
3865,865,4,3,1.5727579238955514e-07,1.0,1.655967116355896,0.8543516873889876
3866,866,4,3,1.4359338251779263e-07,1.0,1.6556744575500488,0.8543516873889876
3867,867,4,3,1.2959512218913005e-07,1.0,1.6559596061706543,0.8543516873889876
3868,868,4,3,1.1562514856677808e-07,1.0,1.655712366104126,0.8543516873889876
3869,869,4,3,1.0281138429490966e-07,1.0,1.6559278964996338,0.8543516873889876
3870,870,4,3,9.208490325818275e-08,1.0,1.6557567119598389,0.8543516873889876
3871,871,4,3,8.429292108758091e-08,1.0,1.6558879613876343,0.8543516873889876
3872,872,4,3,8.00168962200587e-08,1.0,1.6558024883270264,0.8543516873889876
3873,873,4,3,7.950865210659686e-08,1.0,1.6558514833450317,0.8543516873889876
3874,874,4,3,8.313536881132677e-08,1.0,1.655846357345581,0.8543516873889876
3875,875,4,3,9.152824986813357e-08,1.0,1.6558215618133545,0.8543516873889876
3876,876,4,3,1.05917443704584e-07,1.0,1.6558856964111328,0.8543516873889876
3877,877,4,3,1.2797526949270832e-07,1.0,1.655800700187683,0.8543516873889876
3878,878,4,3,1.6050273643486435e-07,1.0,1.655920147895813,0.8543516873889876
3879,879,4,3,2.083235699501529e-07,1.0,1.6557872295379639,0.8543516873889876
3880,880,4,3,2.788991366742266e-07,1.0,1.6559470891952515,0.8543516873889876
3881,881,4,3,3.8412949265875795e-07,1.0,1.6557763814926147,0.8543516873889876
3882,882,4,3,5.429303087112203e-07,1.0,1.6559687852859497,0.8543516873889876
3883,883,4,3,7.854592354306078e-07,1.0,1.6557676792144775,0.8543516873889876
3884,884,4,3,1.1604156497924123e-06,1.0,1.6559895277023315,0.8543516873889876
3885,885,4,3,1.7476438642916037e-06,1.0,1.6557579040527344,0.8543516873889876
3886,886,4,3,2.676035592230619e-06,1.0,1.656015157699585,0.8525754884547069
3887,887,4,3,4.16444891015999e-06,1.0,1.6557427644729614,0.8543516873889876
3888,888,4,3,6.569563538505463e-06,1.0,1.6560474634170532,0.8507992895204263
3889,889,4,3,1.0518248927837703e-05,1.0,1.6557178497314453,0.8543516873889876
3890,890,4,3,1.704532405710779e-05,1.0,1.6560957431793213,0.8507992895204263
3891,891,4,3,2.7988355213892646e-05,1.0,1.6556893587112427,0.8543516873889876
3892,892,4,3,4.645203080144711e-05,1.0,1.6561644077301025,0.8507992895204263
3893,893,4,3,7.812390686012805e-05,1.0,1.655687928199768,0.8543516873889876
3894,894,4,3,0.0001324666227446869,1.0,1.6562671661376953,0.8507992895204263
3895,895,4,3,0.00022752782388124615,1.0,1.6558115482330322,0.8561278863232682
3896,896,4,3,0.00039248220855370164,1.0,1.6564573049545288,0.8507992895204263
3897,897,4,3,0.0006812397623434663,1.0,1.656316876411438,0.8543516873889876
3898,898,4,3,0.0011729460675269365,1.0,1.6567058563232422,0.8507992895204263
3899,899,4,3,0.0019973048474639654,1.0,1.6580525636672974,0.8543516873889876
3900,900,4,3,0.0032253533136099577,1.0,1.6569103002548218,0.8507992895204263
3901,901,4,3,0.004828654229640961,1.0,1.6613032817840576,0.8561278863232682
3902,902,4,3,0.00611875532194972,1.0,1.653716802597046,0.8507992895204263
3903,903,4,3,0.0061467052437365055,1.0,1.6633000373840332,0.8543516873889876
3904,904,4,3,0.003923011943697929,1.0,1.6460597515106201,0.8507992895204263
3905,905,4,3,0.0010758893331512809,1.0,1.6615549325942993,0.8507992895204263
3906,906,4,3,0.00016912024875637144,1.0,1.647581696510315,0.8543516873889876
3907,907,4,3,0.001606155652552843,1.0,1.6601660251617432,0.8507992895204263
3908,908,4,3,0.003018859773874283,1.0,1.6513011455535889,0.8543516873889876
3909,909,4,3,0.0023725132923573256,1.0,1.6553360223770142,0.8507992895204263
3910,910,4,3,0.0005933851934969425,1.0,1.6538883447647095,0.8490230905861457
3911,911,4,3,7.284109597094357e-05,1.0,1.6527397632598877,0.8543516873889876
3912,912,4,3,0.00111846299842,1.0,1.6581569910049438,0.8507992895204263
3913,913,4,3,0.0017826247494667768,1.0,1.6510303020477295,0.8543516873889876
3914,914,4,3,0.0010140613885596395,1.0,1.6574629545211792,0.8490230905861457
3915,915,4,3,8.873212937032804e-05,1.0,1.6507318019866943,0.8490230905861457
3916,916,4,3,0.00031209687585942447,1.0,1.655227541923523,0.8561278863232682
3917,917,4,3,0.0010021781781688333,1.0,1.6536612510681152,0.8507992895204263
3918,918,4,3,0.0008947518072091043,1.0,1.651631474494934,0.8561278863232682
3919,919,4,3,0.00020882897661067545,1.0,1.6556415557861328,0.8543516873889876
3920,920,4,3,6.12454314250499e-05,1.0,1.650528073310852,0.8507992895204263
3921,921,4,3,0.0005163406603969634,1.0,1.6563434600830078,0.8561278863232682
3922,922,4,3,0.0006682235980406404,1.0,1.6517112255096436,0.8490230905861457
3923,923,4,3,0.00027022536960430443,1.0,1.6538487672805786,0.8525754884547069
3924,924,4,3,4.222811185172759e-06,1.0,1.654049038887024,0.8561278863232682
3925,925,4,3,0.00022362788149621338,1.0,1.6521559953689575,0.8507992895204263
3926,926,4,3,0.00043870441731996834,1.0,1.6557013988494873,0.8561278863232682
3927,927,4,3,0.0002658033336047083,1.0,1.6520073413848877,0.8507992895204263
3928,928,4,3,2.30642417591298e-05,1.0,1.6552151441574097,0.8490230905861457
3929,929,4,3,8.450189488939941e-05,1.0,1.6534522771835327,0.8561278863232682
3930,930,4,3,0.0002636825665831566,1.0,1.6541945934295654,0.8507992895204263
3931,931,4,3,0.00022196746431291103,1.0,1.6544222831726074,0.8561278863232682
3932,932,4,3,4.3457228457555175e-05,1.0,1.653282880783081,0.8561278863232682
3933,933,4,3,2.0609211787814274e-05,1.0,1.654755711555481,0.8490230905861457
3934,934,4,3,0.00014269341772887856,1.0,1.6531035900115967,0.8561278863232682
3935,935,4,3,0.00017027967260219157,1.0,1.6547601222991943,0.8490230905861457
3936,936,4,3,6.219131319085136e-05,1.0,1.6530778408050537,0.8490230905861457
3937,937,4,3,2.513768549761153e-06,1.0,1.6544092893600464,0.8561278863232682
3938,938,4,3,6.415452662622556e-05,1.0,1.6539353132247925,0.8490230905861457
3939,939,4,3,0.00011446500138845295,1.0,1.6537986993789673,0.8561278863232682
3940,940,4,3,6.597876199521124e-05,1.0,1.6547093391418457,0.8490230905861457
3941,941,4,3,5.232235707808286e-06,1.0,1.6530667543411255,0.8490230905861457
3942,942,4,3,2.275076440128032e-05,1.0,1.655019998550415,0.8561278863232682
3943,943,4,3,6.923647015355527e-05,1.0,1.6533331871032715,0.8490230905861457
3944,944,4,3,6.001583096804097e-05,1.0,1.6545215845108032,0.8543516873889876
3945,945,4,3,1.375142437609611e-05,1.0,1.6541563272476196,0.8525754884547069
3946,946,4,3,3.6070464375370648e-06,1.0,1.6538920402526855,0.8490230905861457
3947,947,4,3,3.3545176847837865e-05,1.0,1.6549086570739746,0.8543516873889876
3948,948,4,3,4.5803542889188975e-05,1.0,1.6536811590194702,0.8490230905861457
3949,949,4,3,2.1335692508728243e-05,1.0,1.654865026473999,0.8490230905861457
3950,950,4,3,1.1641564015008043e-06,1.0,1.653910756111145,0.8525754884547069
3951,951,4,3,1.2062555470038205e-05,1.0,1.6545453071594238,0.8490230905861457
3952,952,4,3,2.8841022867709398e-05,1.0,1.6542154550552368,0.8543516873889876
3953,953,4,3,2.2531028662342578e-05,1.0,1.6542010307312012,0.8490230905861457
3954,954,4,3,4.577916115522385e-06,1.0,1.6543229818344116,0.8490230905861457
3955,955,4,3,1.8585564021122991e-06,1.0,1.6540412902832031,0.8525754884547069
3956,956,4,3,1.3762161870545242e-05,1.0,1.6544489860534668,0.8490230905861457
3957,957,4,3,1.8427355826133862e-05,1.0,1.6538687944412231,0.8525754884547069
3958,958,4,3,9.0103130787611e-06,1.0,1.6544837951660156,0.8490230905861457
3959,959,4,3,6.557146434715833e-07,1.0,1.6538159847259521,0.8490230905861457
3960,960,4,3,4.1028697523870505e-06,1.0,1.654430627822876,0.8543516873889876
3961,961,4,3,1.1012360118911602e-05,1.0,1.6539840698242188,0.8490230905861457
3962,962,4,3,9.783228961168788e-06,1.0,1.6541787385940552,0.8525754884547069
3963,963,4,3,2.818158463924192e-06,1.0,1.6543128490447998,0.8507992895204263
3964,964,4,3,3.358341302828194e-07,1.0,1.6539667844772339,0.8490230905861457
3965,965,4,3,4.33513605457847e-06,1.0,1.6544872522354126,0.8525754884547069
3966,966,4,3,7.378323516604723e-06,1.0,1.6538795232772827,0.8490230905861457
3967,967,4,3,4.8767292355478276e-06,1.0,1.6544406414031982,0.8507992895204263
3968,968,4,3,8.702241416358447e-07,1.0,1.6540052890777588,0.8507992895204263
3969,969,4,3,7.324762805183127e-07,1.0,1.6542912721633911,0.8490230905861457
3970,970,4,3,3.4947670428664424e-06,1.0,1.6541333198547363,0.8525754884547069
3971,971,4,3,4.4483649617177434e-06,1.0,1.6541764736175537,0.8490230905861457
3972,972,4,3,2.2922474727238296e-06,1.0,1.6542118787765503,0.8507992895204263
3973,973,4,3,2.2476453409581154e-07,1.0,1.6541327238082886,0.8507992895204263
3974,974,4,3,7.397576951007068e-07,1.0,1.6542595624923706,0.8490230905861457
3975,975,4,3,2.4354260403924854e-06,1.0,1.6540993452072144,0.8507992895204263
3976,976,4,3,2.6398886348033557e-06,1.0,1.6543275117874146,0.8490230905861457
3977,977,4,3,1.1896408977918327e-06,1.0,1.6540472507476807,0.8507992895204263
3978,978,4,3,1.3299164436375577e-07,1.0,1.6543545722961426,0.8507992895204263
3979,979,4,3,6.189489454300201e-07,1.0,1.6540292501449585,0.8490230905861457
3980,980,4,3,1.5849869896555902e-06,1.0,1.6543296575546265,0.8507992895204263
3981,981,4,3,1.5693167370045558e-06,1.0,1.6540967226028442,0.8490230905861457
3982,982,4,3,6.582187666026584e-07,1.0,1.6542434692382812,0.8507992895204263
3983,983,4,3,6.765306181932829e-08,1.0,1.6541920900344849,0.8507992895204263
3984,984,4,3,3.835768893623026e-07,1.0,1.6541739702224731,0.8490230905861457
3985,985,4,3,9.54829602051177e-07,1.0,1.6542589664459229,0.8507992895204263
3986,986,4,3,9.496425832367095e-07,1.0,1.6541351079940796,0.8490230905861457
3987,987,4,3,4.205557502245938e-07,1.0,1.6542677879333496,0.8490230905861457
3988,988,4,3,5.9226568538406354e-08,1.0,1.654140591621399,0.8507992895204263
3989,989,4,3,2.2383687792171258e-07,1.0,1.654272437095642,0.8490230905861457
3990,990,4,3,5.711346489079006e-07,1.0,1.6541389226913452,0.8507992895204263
3991,991,4,3,6.098019866840332e-07,1.0,1.6542880535125732,0.8490230905861457
3992,992,4,3,3.154637795432791e-07,1.0,1.6541346311569214,0.8507992895204263
3993,993,4,3,6.499339377796787e-08,1.0,1.6543118953704834,0.8507992895204263
3994,994,4,3,1.1282701706250009e-07,1.0,1.6541253328323364,0.8490230905861457
3995,995,4,3,3.1784477982910175e-07,1.0,1.6543068885803223,0.8507992895204263
3996,996,4,3,3.8685152503603604e-07,1.0,1.6541403532028198,0.8490230905861457
3997,997,4,3,2.424167462322657e-07,1.0,1.6542898416519165,0.8507992895204263
3998,998,4,3,6.796662432861922e-08,1.0,1.6541738510131836,0.8507992895204263
3999,999,4,3,4.6620485250059573e-08,1.0,1.6542710065841675,0.8490230905861457
4000,1000,4,3,1.5543963627351332e-07,1.0,1.6542025804519653,0.8507992895204263
4001,1001,4,3,2.326786159301264e-07,1.0,1.654267430305481,0.8490230905861457
4002,1002,4,3,1.849512187845903e-07,1.0,1.654211401939392,0.8507992895204263
4003,1003,4,3,7.554287861921694e-08,1.0,1.6542747020721436,0.8490230905861457
4004,1004,4,3,2.3567029217019808e-08,1.0,1.654211163520813,0.8490230905861457
4005,1005,4,3,6.392311746594714e-08,1.0,1.6542826890945435,0.8507992895204263
4006,1006,4,3,1.2694319195816206e-07,1.0,1.6542104482650757,0.8490230905861457
4007,1007,4,3,1.3342773286240117e-07,1.0,1.654273271560669,0.8507992895204263
4008,1008,4,3,8.003051021887586e-08,1.0,1.6542165279388428,0.8490230905861457
4009,1009,4,3,2.718407188240235e-08,1.0,1.6542643308639526,0.8490230905861457
4010,1010,4,3,2.3340819055306383e-08,1.0,1.654222846031189,0.8507992895204263
4011,1011,4,3,5.781028633577989e-08,1.0,1.6542606353759766,0.8490230905861457
4012,1012,4,3,8.369461568236147e-08,1.0,1.654221534729004,0.8507992895204263
4013,1013,4,3,7.240583954626345e-08,1.0,1.654272198677063,0.8490230905861457
4014,1014,4,3,3.857086028347112e-08,1.0,1.6542110443115234,0.8507992895204263
4015,1015,4,3,1.677847905057206e-08,1.0,1.6542917490005493,0.8490230905861457
4016,1016,4,3,2.3526618875280292e-08,1.0,1.6542003154754639,0.8490230905861457
4017,1017,4,3,4.4588013281554595e-08,1.0,1.6543171405792236,0.8507992895204263
4018,1018,4,3,5.549944503968618e-08,1.0,1.6541849374771118,0.8490230905861457
4019,1019,4,3,4.717484003435857e-08,1.0,1.65433931350708,0.8490230905861457
4020,1020,4,3,3.150485738956377e-08,1.0,1.6541575193405151,0.8507992895204263
4021,1021,4,3,2.6382672047020606e-08,1.0,1.6543735265731812,0.8490230905861457
4022,1022,4,3,3.856817087921627e-08,1.0,1.6541117429733276,0.8507992895204263
4023,1023,4,3,6.092885485031729e-08,1.0,1.6544337272644043,0.8490230905861457
4024,1024,4,3,8.363176817738349e-08,1.0,1.6540354490280151,0.8507992895204263
4025,1025,4,3,1.0639372760579136e-07,1.0,1.6545392274856567,0.8490230905861457
4026,1026,4,3,1.4168914219681028e-07,1.0,1.6539061069488525,0.8507992895204263
4027,1027,4,3,2.0906222175653966e-07,1.0,1.654711365699768,0.8490230905861457
4028,1028,4,3,3.299981869986368e-07,1.0,1.6536915302276611,0.8507992895204263
4029,1029,4,3,5.318271405485575e-07,1.0,1.654995083808899,0.8490230905861457
4030,1030,4,3,8.609015935689968e-07,1.0,1.6533284187316895,0.8507992895204263
4031,1031,4,3,1.4067621805224917e-06,1.0,1.6554752588272095,0.8490230905861457
4032,1032,4,3,2.329979224668932e-06,1.0,1.652700662612915,0.8507992895204263
4033,1033,4,3,3.918606125807855e-06,1.0,1.6563174724578857,0.8490230905861457
4034,1034,4,3,6.673926691291854e-06,1.0,1.6515897512435913,0.8525754884547069
4035,1035,4,3,1.1493180863908492e-05,1.0,1.657818078994751,0.8507992895204263
4036,1036,4,3,2.001274515350815e-05,1.0,1.64957857131958,0.8525754884547069
4037,1037,4,3,3.525981810525991e-05,1.0,1.6605467796325684,0.8507992895204263
4038,1038,4,3,6.265768752200529e-05,1.0,1.6458913087844849,0.8543516873889876
4039,1039,4,3,0.00011268099478911608,1.0,1.6656044721603394,0.8525754884547069
4040,1040,4,3,0.00020343392679933459,1.0,1.6391621828079224,0.8543516873889876
4041,1041,4,3,0.00037135317688807845,1.0,1.6750611066818237,0.8525754884547069
4042,1042,4,3,0.0006745855207554996,1.0,1.6271365880966187,0.8543516873889876
4043,1043,4,3,0.001222271821461618,1.0,1.6916344165802002,0.8525754884547069
4044,1044,4,3,0.0021370083559304476,1.0,1.6087301969528198,0.8561278863232682
4045,1045,4,3,0.0035619621630758047,1.0,1.7126418352127075,0.8507992895204263
4046,1046,4,3,0.005143291782587767,1.0,1.596672773361206,0.8561278863232682
4047,1047,4,3,0.0058365194126963615,1.0,1.7058824300765991,0.8507992895204263
4048,1048,4,3,0.004243260249495506,1.0,1.6266226768493652,0.8543516873889876
4049,1049,4,3,0.0013267721515148878,1.0,1.647667407989502,0.8490230905861457
4050,1050,4,3,0.00021876227401662618,1.0,1.684019923210144,0.8525754884547069
4051,1051,4,3,0.0016147199785336852,1.0,1.6141537427902222,0.8543516873889876
4052,1052,4,3,0.002606940222904086,1.0,1.6832026243209839,0.8525754884547069
4053,1053,4,3,0.0014908871380612254,1.0,1.6478251218795776,0.8561278863232682
4054,1054,4,3,0.0003417989646550268,1.0,1.6344660520553589,0.8507992895204263
4055,1055,4,3,0.0009134201100096107,1.0,1.6822705268859863,0.8525754884547069
4056,1056,4,3,0.001543140970170498,1.0,1.6303741931915283,0.8543516873889876
4057,1057,4,3,0.0008190738735720515,1.0,1.6549437046051025,0.8507992895204263
4058,1058,4,3,0.0001554972113808617,1.0,1.6668719053268433,0.8525754884547069
4059,1059,4,3,0.000732411805074662,1.0,1.6299424171447754,0.8525754884547069
4060,1060,4,3,0.0011004110565409064,1.0,1.6649243831634521,0.8507992895204263
4061,1061,4,3,0.0003908967482857406,1.0,1.6539896726608276,0.8525754884547069
4062,1062,4,3,3.8895592297194526e-05,1.0,1.635880947113037,0.8543516873889876
4063,1063,4,3,0.0005700315814465284,1.0,1.668617606163025,0.8507992895204263
4064,1064,4,3,0.000684607308357954,1.0,1.6464307308197021,0.8490230905861457
4065,1065,4,3,0.00018379180983174592,1.0,1.644189476966858,0.8543516873889876
4066,1066,4,3,0.00012016382970614359,1.0,1.6680026054382324,0.8525754884547069
4067,1067,4,3,0.00043444876791909337,1.0,1.6399178504943848,0.8543516873889876
4068,1068,4,3,0.00032010156428441405,1.0,1.6528574228286743,0.8561278863232682
4069,1069,4,3,5.756194514106028e-05,1.0,1.6628984212875366,0.8525754884547069
4070,1070,4,3,0.0002011191681958735,1.0,1.6376978158950806,0.8543516873889876
4071,1071,4,3,0.0003329025348648429,1.0,1.6603962182998657,0.8507992895204263
4072,1072,4,3,0.00011631874076556414,1.0,1.6551247835159302,0.8507992895204263
4073,1073,4,3,1.7689011656329967e-05,1.0,1.641895055770874,0.8543516873889876
4074,1074,4,3,0.00019100349163636565,1.0,1.663913369178772,0.8525754884547069
4075,1075,4,3,0.00020451891759876162,1.0,1.6483690738677979,0.8561278863232682
4076,1076,4,3,4.356906356406398e-05,1.0,1.6484040021896362,0.8525754884547069
4077,1077,4,3,5.109703852212988e-05,1.0,1.6619230508804321,0.8507992895204263
4078,1078,4,3,0.00014355835446622223,1.0,1.645532488822937,0.8543516873889876
4079,1079,4,3,8.373061427846551e-05,1.0,1.6533163785934448,0.8507992895204263
4080,1080,4,3,1.664130832068622e-05,1.0,1.6578395366668701,0.8525754884547069
4081,1081,4,3,7.950447616167367e-05,1.0,1.6457626819610596,0.8525754884547069
4082,1082,4,3,0.000101722966064699,1.0,1.6556289196014404,0.8525754884547069
4083,1083,4,3,2.418708027107641e-05,1.0,1.6544474363327026,0.8525754884547069
4084,1084,4,3,1.1969605111517012e-05,1.0,1.64681875705719,0.8525754884547069
4085,1085,4,3,6.812749779783189e-05,1.0,1.656959056854248,0.8525754884547069
4086,1086,4,3,5.707150194211863e-05,1.0,1.6517560482025146,0.8525754884547069
4087,1087,4,3,1.054127551469719e-05,1.0,1.6483376026153564,0.8561278863232682
4088,1088,4,3,2.4762824978097342e-05,1.0,1.6574965715408325,0.8507992895204263
4089,1089,4,3,4.71572348033078e-05,1.0,1.6491719484329224,0.8543516873889876
4090,1090,4,3,2.033656528510619e-05,1.0,1.6511939764022827,0.8543516873889876
4091,1091,4,3,5.146232069819234e-06,1.0,1.6564621925354004,0.8507992895204263
4092,1092,4,3,2.947542270703707e-05,1.0,1.6479108333587646,0.8561278863232682
4093,1093,4,3,3.2370604458265007e-05,1.0,1.6544239521026611,0.8525754884547069
4094,1094,4,3,6.8413219196372665e-06,1.0,1.6541393995285034,0.8525754884547069
4095,1095,4,3,5.2688860705529805e-06,1.0,1.6489135026931763,0.8543516873889876
4096,1096,4,3,2.1865682356292382e-05,1.0,1.655796766281128,0.8507992895204263
4097,1097,4,3,1.6555204638279974e-05,1.0,1.651892900466919,0.8543516873889876
4098,1098,4,3,3.564596681826515e-06,1.0,1.650949239730835,0.8543516873889876
4099,1099,4,3,9.599659279047046e-06,1.0,1.6553781032562256,0.8525754884547069
4100,1100,4,3,1.5961521057761274e-05,1.0,1.6507896184921265,0.8543516873889876
4101,1101,4,3,6.32550199952675e-06,1.0,1.6523619890213013,0.8543516873889876
4102,1102,4,3,8.81667688190646e-07,1.0,1.6544370651245117,0.8543516873889876
4103,1103,4,3,8.686829460202716e-06,1.0,1.6504671573638916,0.8543516873889876
4104,1104,4,3,1.0891420970438048e-05,1.0,1.6533392667770386,0.8543516873889876
4105,1105,4,3,3.4145139125030255e-06,1.0,1.6534703969955444,0.8525754884547069
4106,1106,4,3,1.9070657799602486e-06,1.0,1.6505451202392578,0.8543516873889876
4107,1107,4,3,6.591549208678771e-06,1.0,1.6541788578033447,0.8525754884547069
4108,1108,4,3,5.411308848124463e-06,1.0,1.6521297693252563,0.8543516873889876
4109,1109,4,3,1.0193833759331028e-06,1.0,1.6513566970825195,0.8543516873889876
4110,1110,4,3,2.4654441403981764e-06,1.0,1.6543371677398682,0.8525754884547069
4111,1111,4,3,5.518362286238698e-06,1.0,1.6511130332946777,0.8543516873889876
4112,1112,4,3,3.2801344787003472e-06,1.0,1.6526962518692017,0.8543516873889876
4113,1113,4,3,3.759441256079299e-07,1.0,1.653507947921753,0.8543516873889876
4114,1114,4,3,1.8298861732546357e-06,1.0,1.651121973991394,0.8543516873889876
4115,1115,4,3,3.3667658954072976e-06,1.0,1.6534850597381592,0.8525754884547069
4116,1116,4,3,1.6634647863611463e-06,1.0,1.652491807937622,0.8543516873889876
4117,1117,4,3,5.604351258625684e-07,1.0,1.6517351865768433,0.8543516873889876
4118,1118,4,3,1.935840600708616e-06,1.0,1.65354585647583,0.8543516873889876
4119,1119,4,3,2.3364871140074683e-06,1.0,1.6520229578018188,0.8543516873889876
4120,1120,4,3,7.383871434285538e-07,1.0,1.6523079872131348,0.8543516873889876
4121,1121,4,3,2.1204284905707027e-07,1.0,1.653330683708191,0.8543516873889876
4122,1122,4,3,1.299182940783794e-06,1.0,1.6517947912216187,0.8543516873889876
4123,1123,4,3,1.4882339200994466e-06,1.0,1.652862310409546,0.8543516873889876
4124,1124,4,3,5.307326773618115e-07,1.0,1.6529520750045776,0.8525754884547069
4125,1125,4,3,3.987783259162825e-07,1.0,1.6518186330795288,0.8543516873889876
4126,1126,4,3,1.0353102197768749e-06,1.0,1.653328537940979,0.8525754884547069
4127,1127,4,3,8.856398494572204e-07,1.0,1.6523603200912476,0.8543516873889876
4128,1128,4,3,1.8265333778799686e-07,1.0,1.652308702468872,0.8543516873889876
4129,1129,4,3,2.1851097642411332e-07,1.0,1.6532573699951172,0.8525754884547069
4130,1130,4,3,7.140099000935152e-07,1.0,1.6520159244537354,0.8543516873889876
4131,1131,4,3,6.264546641432389e-07,1.0,1.652836561203003,0.8543516873889876
4132,1132,4,3,1.9987108146324317e-07,1.0,1.6527913808822632,0.8543516873889876
4133,1133,4,3,2.3750655486765027e-07,1.0,1.6521453857421875,0.8543516873889876
4134,1134,4,3,4.956145858159289e-07,1.0,1.6530110836029053,0.8543516873889876
4135,1135,4,3,3.602745266562124e-07,1.0,1.6524899005889893,0.8543516873889876
4136,1136,4,3,7.337202845292268e-08,1.0,1.6524183750152588,0.8543516873889876
4137,1137,4,3,1.3883584415452788e-07,1.0,1.6529886722564697,0.8543516873889876
4138,1138,4,3,3.4558050288069353e-07,1.0,1.6523348093032837,0.8543516873889876
4139,1139,4,3,2.7900506438527373e-07,1.0,1.6526798009872437,0.8543516873889876
4140,1140,4,3,9.711444448612383e-08,1.0,1.6528445482254028,0.8543516873889876
4141,1141,4,3,1.243332690137322e-07,1.0,1.6522730588912964,0.8543516873889876
4142,1142,4,3,2.3334646925832203e-07,1.0,1.652933955192566,0.8543516873889876
4143,1143,4,3,1.7029310583893675e-07,1.0,1.652557373046875,0.8543516873889876
4144,1144,4,3,4.3487041523349035e-08,1.0,1.6524877548217773,0.8543516873889876
4145,1145,4,3,6.61247199218451e-08,1.0,1.6529264450073242,0.8525754884547069
4146,1146,4,3,1.5636868511137436e-07,1.0,1.6523849964141846,0.8543516873889876
4147,1147,4,3,1.355179648498961e-07,1.0,1.6527596712112427,0.8543516873889876
4148,1148,4,3,5.6292396521939736e-08,1.0,1.652721643447876,0.8543516873889876
4149,1149,4,3,6.019487841513183e-08,1.0,1.6524626016616821,0.8543516873889876
4150,1150,4,3,1.1115258757854463e-07,1.0,1.6528286933898926,0.8543516873889876
4151,1151,4,3,9.42049425134428e-08,1.0,1.6525788307189941,0.8543516873889876
4152,1152,4,3,3.4169865159583424e-08,1.0,1.652578353881836,0.8543516873889876
4153,1153,4,3,2.8253808181943896e-08,1.0,1.6528055667877197,0.8543516873889876
4154,1154,4,3,6.616215131316494e-08,1.0,1.6524972915649414,0.8543516873889876
4155,1155,4,3,6.846115496728089e-08,1.0,1.6527159214019775,0.8543516873889876
4156,1156,4,3,3.48721336251856e-08,1.0,1.652708649635315,0.8543516873889876
4157,1157,4,3,2.712629054713034e-08,1.0,1.6525074243545532,0.8543516873889876
4158,1158,4,3,5.058386776113366e-08,1.0,1.6528135538101196,0.8543516873889876
4159,1159,4,3,5.512871936730335e-08,1.0,1.6525615453720093,0.8543516873889876
4160,1160,4,3,3.062480047333338e-08,1.0,1.6526553630828857,0.8543516873889876
4161,1161,4,3,1.684991524086854e-08,1.0,1.6527416706085205,0.8543516873889876
4162,1162,4,3,2.828590339731818e-08,1.0,1.6525441408157349,0.8543516873889876
4163,1163,4,3,3.548424487576085e-08,1.0,1.6527389287948608,0.8543516873889876
4164,1164,4,3,2.3219939748742036e-08,1.0,1.6526403427124023,0.8543516873889876
4165,1165,4,3,1.2705112517608086e-08,1.0,1.652601718902588,0.8543516873889876
4166,1166,4,3,1.937618243630368e-08,1.0,1.6527386903762817,0.8543516873889876
4167,1167,4,3,2.7917938183463775e-08,1.0,1.6525951623916626,0.8543516873889876
4168,1168,4,3,2.3066251131353965e-08,1.0,1.652669072151184,0.8543516873889876
4169,1169,4,3,1.3948227461924034e-08,1.0,1.6527061462402344,0.8543516873889876
4170,1170,4,3,1.4480975529806983e-08,1.0,1.6525793075561523,0.8543516873889876
4171,1171,4,3,1.991254272581955e-08,1.0,1.6527401208877563,0.8543516873889876
4172,1172,4,3,1.827014273203531e-08,1.0,1.6526232957839966,0.8543516873889876
4173,1173,4,3,1.1120975251799337e-08,1.0,1.6526540517807007,0.8543516873889876
4174,1174,4,3,8.752928160049578e-09,1.0,1.6527140140533447,0.8543516873889876
4175,1175,4,3,1.2106458058269709e-08,1.0,1.6526068449020386,0.8543516873889876
4176,1176,4,3,1.3258655506831474e-08,1.0,1.6527061462402344,0.8543516873889876
4177,1177,4,3,9.637006748164367e-09,1.0,1.6526603698730469,0.8543516873889876
4178,1178,4,3,7.0108687744152576e-09,1.0,1.6526399850845337,0.8543516873889876
4179,1179,4,3,8.700331122213356e-09,1.0,1.6527099609375,0.8543516873889876
4180,1180,4,3,1.0760322410874323e-08,1.0,1.6526356935501099,0.8543516873889876
4181,1181,4,3,9.486688767879059e-09,1.0,1.6526752710342407,0.8543516873889876
4182,1182,4,3,7.064740792372959e-09,1.0,1.652692437171936,0.8543516873889876
4183,1183,4,3,6.996221380006773e-09,1.0,1.6526278257369995,0.8543516873889876
4184,1184,4,3,8.423262976009482e-09,1.0,1.6527127027511597,0.8543516873889876
4185,1185,4,3,8.325732991920631e-09,1.0,1.6526418924331665,0.8543516873889876
4186,1186,4,3,6.570550326046032e-09,1.0,1.6526747941970825,0.8543516873889876
4187,1187,4,3,5.54031265309618e-09,1.0,1.6526870727539062,0.8543516873889876
4188,1188,4,3,6.056402046539233e-09,1.0,1.6526468992233276,0.8543516873889876
4189,1189,4,3,6.460822543630229e-09,1.0,1.6526896953582764,0.8543516873889876
4190,1190,4,3,5.61450619329662e-09,1.0,1.6526694297790527,0.8543516873889876
4191,1191,4,3,4.5016470551217935e-09,1.0,1.6526587009429932,0.8543516873889876
4192,1192,4,3,4.342470827367606e-09,1.0,1.6526989936828613,0.8543516873889876
4193,1193,4,3,4.740254411217393e-09,1.0,1.6526473760604858,0.8543516873889876
4194,1194,4,3,4.58236781852861e-09,1.0,1.6526902914047241,0.8543516873889876
4195,1195,4,3,3.813854121403892e-09,1.0,1.6526738405227661,0.8543516873889876
4196,1196,4,3,3.3201934535043165e-09,1.0,1.652662992477417,0.8543516873889876
4197,1197,4,3,3.4419840311272765e-09,1.0,1.652693271636963,0.8543516873889876
4198,1198,4,3,3.5853513491446165e-09,1.0,1.6526597738265991,0.8543516873889876
4199,1199,4,3,3.278820770447055e-09,1.0,1.6526836156845093,0.8543516873889876
4200,1200,4,3,2.8291313736161783e-09,1.0,1.6526801586151123,0.8543516873889876
4201,1201,4,3,2.7273585612164197e-09,1.0,1.6526658535003662,0.8543516873889876
4202,1202,4,3,2.8811781849213958e-09,1.0,1.652691125869751,0.8543516873889876
4203,1203,4,3,2.860174763696932e-09,1.0,1.6526706218719482,0.8543516873889876
4204,1204,4,3,2.561717726834445e-09,1.0,1.6526790857315063,0.8543516873889876
4205,1205,4,3,2.286332012602088e-09,1.0,1.6526870727539062,0.8543516873889876
4206,1206,4,3,2.255043707322102e-09,1.0,1.6526684761047363,0.8543516873889876
4207,1207,4,3,2.2948021261015583e-09,1.0,1.6526899337768555,0.8543516873889876
4208,1208,4,3,2.186901104650474e-09,1.0,1.6526763439178467,0.8543516873889876
4209,1209,4,3,1.980202668505626e-09,1.0,1.6526780128479004,0.8543516873889876
4210,1210,4,3,1.8742365437418584e-09,1.0,1.652689814567566,0.8543516873889876
4211,1211,4,3,1.8978723037577083e-09,1.0,1.6526718139648438,0.8543516873889876
4212,1212,4,3,1.867102694674827e-09,1.0,1.6526886224746704,0.8543516873889876
4213,1213,4,3,1.7250226802545399e-09,1.0,1.6526809930801392,0.8543516873889876
4214,1214,4,3,1.586527020869255e-09,1.0,1.6526777744293213,0.8543516873889876
4215,1215,4,3,1.5641494766072128e-09,1.0,1.6526906490325928,0.8543516873889876
4216,1216,4,3,1.554106732193361e-09,1.0,1.6526771783828735,0.8543516873889876
4217,1217,4,3,1.4715807461485042e-09,1.0,1.6526850461959839,0.8543516873889876
4218,1218,4,3,1.3693758349475615e-09,1.0,1.6526859998703003,0.8543516873889876
4219,1219,4,3,1.3270977650137183e-09,1.0,1.6526793241500854,0.8543516873889876
4220,1220,4,3,1.2963301543322814e-09,1.0,1.6526880264282227,0.8543516873889876
4221,1221,4,3,1.2335683585718016e-09,1.0,1.6526838541030884,0.8543516873889876
4222,1222,4,3,1.1836477353810437e-09,1.0,1.652682900428772,0.8543516873889876
4223,1223,4,3,1.1473163530340003e-09,1.0,1.6526875495910645,0.8543516873889876
4224,1224,4,3,1.0952976303713058e-09,1.0,1.6526840925216675,0.8543516873889876
4225,1225,4,3,1.052968268133725e-09,1.0,1.6526849269866943,0.8543516873889876
4226,1226,4,3,1.023684137457792e-09,1.0,1.652687668800354,0.8543516873889876
4227,1227,4,3,9.786805810207966e-10,1.0,1.652686357498169,0.8543516873889876
4228,1228,4,3,9.349736540542608e-10,1.0,1.6526867151260376,0.8543516873889876
4229,1229,4,3,9.125954991695551e-10,1.0,1.6526883840560913,0.8543516873889876
4230,1230,4,3,8.744706070373809e-10,1.0,1.6526877880096436,0.8543516873889876
4231,1231,4,3,8.347501578853667e-10,1.0,1.6526871919631958,0.8543516873889876
4232,1232,4,3,8.13266398669299e-10,1.0,1.6526882648468018,0.8543516873889876
4233,1233,4,3,7.803935275774165e-10,1.0,1.6526888608932495,0.8543516873889876
4234,1234,4,3,7.491950393401225e-10,1.0,1.652687668800354,0.8543516873889876
4235,1235,4,3,7.272400459612527e-10,1.0,1.6526886224746704,0.8543516873889876
4236,1236,4,3,6.960501064412483e-10,1.0,1.652690052986145,0.8543516873889876
4237,1237,4,3,6.732672752640667e-10,1.0,1.65268874168396,0.8543516873889876
4238,1238,4,3,6.498645510610856e-10,1.0,1.652688980102539,0.8543516873889876
4239,1239,4,3,6.250612250013887e-10,1.0,1.6526907682418823,0.8543516873889876
4240,1240,4,3,6.0393584577767e-10,1.0,1.6526899337768555,0.8543516873889876
4241,1241,4,3,5.815951054088941e-10,1.0,1.6526896953582764,0.8543516873889876
4242,1242,4,3,5.613529086012647e-10,1.0,1.6526916027069092,0.8543516873889876
4243,1243,4,3,5.415047299450748e-10,1.0,1.6526912450790405,0.8543516873889876
4244,1244,4,3,5.212932863152275e-10,1.0,1.6526905298233032,0.8543516873889876
4245,1245,4,3,5.046442708156462e-10,1.0,1.6526917219161987,0.8543516873889876
4246,1246,4,3,4.870177039428825e-10,1.0,1.652692198753357,0.8543516873889876
4247,1247,4,3,4.705925094050656e-10,1.0,1.65269136428833,0.8543516873889876
4248,1248,4,3,4.5373582668872814e-10,1.0,1.6526917219161987,0.8543516873889876
4249,1249,4,3,4.385878049628644e-10,1.0,1.6526925563812256,0.8543516873889876
4250,1250,4,3,4.23609675115344e-10,1.0,1.652692437171936,0.8543516873889876
4251,1251,4,3,4.086313232232186e-10,1.0,1.652692437171936,0.8543516873889876
4252,1252,4,3,3.942322024386158e-10,1.0,1.652692437171936,0.8543516873889876
4253,1253,4,3,3.8210340447264457e-10,1.0,1.6526926755905151,0.8543516873889876
4254,1254,4,3,3.6909852951794164e-10,1.0,1.6526927947998047,0.8543516873889876
4255,1255,4,3,3.5586089630612605e-10,1.0,1.6526929140090942,0.8543516873889876
4256,1256,4,3,3.44241024574643e-10,1.0,1.6526931524276733,0.8543516873889876
4257,1257,4,3,3.331288023211698e-10,1.0,1.652693510055542,0.8543516873889876
4258,1258,4,3,3.2136288075079733e-10,1.0,1.6526939868927002,0.8543516873889876
4259,1259,4,3,3.10479142395792e-10,1.0,1.652693748474121,0.8543516873889876
4260,1260,4,3,3.011133287156298e-10,1.0,1.6526938676834106,0.8543516873889876
4261,1261,4,3,2.9069396889624954e-10,1.0,1.6526942253112793,0.8543516873889876
4262,1262,4,3,2.8117139172501027e-10,1.0,1.6526942253112793,0.8543516873889876
4263,1263,4,3,2.72482481022962e-10,1.0,1.6526943445205688,0.8543516873889876
4264,1264,4,3,2.632144502356937e-10,1.0,1.6526944637298584,0.8543516873889876
4265,1265,4,3,2.549073174762384e-10,1.0,1.6526949405670166,0.8543516873889876
4266,1266,4,3,2.467024362573511e-10,1.0,1.6526950597763062,0.8543516873889876
4267,1267,4,3,2.382024022473672e-10,1.0,1.6526951789855957,0.8543516873889876
4268,1268,4,3,2.3071916599448627e-10,1.0,1.6526955366134644,0.8543516873889876
4269,1269,4,3,2.2338164651358738e-10,1.0,1.6526960134506226,0.8543516873889876
4270,1270,4,3,2.1730513222184555e-10,1.0,1.652695894241333,0.8543516873889876
4271,1271,4,3,2.0997055483196192e-10,1.0,1.6526957750320435,0.8543516873889876
4272,1272,4,3,2.0326487715216501e-10,1.0,1.652695894241333,0.8543516873889876
4273,1273,4,3,1.967667973001852e-10,1.0,1.652696132659912,0.8543516873889876
4274,1274,4,3,1.9086300595549943e-10,1.0,1.6526960134506226,0.8543516873889876
4275,1275,4,3,1.8480178498592181e-10,1.0,1.6526962518692017,0.8543516873889876
4276,1276,4,3,1.7954322750757257e-10,1.0,1.652696132659912,0.8543516873889876
4277,1277,4,3,1.7425402787374367e-10,1.0,1.652696132659912,0.8543516873889876
4278,1278,4,3,1.6858300866395837e-10,1.0,1.6526966094970703,0.8543516873889876
4279,1279,4,3,1.6397892765862565e-10,1.0,1.6526964902877808,0.8543516873889876
4280,1280,4,3,1.588615489156453e-10,1.0,1.6526964902877808,0.8543516873889876
4281,1281,4,3,1.5445218715104403e-10,1.0,1.6526968479156494,0.8543516873889876
4282,1282,4,3,1.4919113167088938e-10,1.0,1.652696967124939,0.8543516873889876
4283,1283,4,3,1.4553058758082216e-10,1.0,1.6526970863342285,0.8543516873889876
4284,1284,4,3,1.4112419566281176e-10,1.0,1.652696967124939,0.8543516873889876
4285,1285,4,3,1.370672048084387e-10,1.0,1.6526973247528076,0.8543516873889876
4286,1286,4,3,1.3288718736514937e-10,1.0,1.6526973247528076,0.8543516873889876
4287,1287,4,3,1.289475470844792e-10,1.0,1.6526973247528076,0.8543516873889876
4288,1288,4,3,1.250861914048329e-10,1.0,1.6526973247528076,0.8543516873889876
4289,1289,4,3,1.2159157014579591e-10,1.0,1.6526974439620972,0.8543516873889876
4290,1290,4,3,1.1814749178995498e-10,1.0,1.6526978015899658,0.8543516873889876
4291,1291,4,3,1.1483244216625721e-10,1.0,1.6526978015899658,0.8543516873889876
4292,1292,4,3,1.1162581275980799e-10,1.0,1.6526976823806763,0.8543516873889876
4293,1293,4,3,1.0845488396249436e-10,1.0,1.6526979207992554,0.8543516873889876
4294,1294,4,3,1.0533558747471972e-10,1.0,1.6526981592178345,0.8543516873889876
4295,1295,4,3,1.0244080583809989e-10,1.0,1.652698278427124,0.8543516873889876
4296,1296,4,3,1.0000449079949902e-10,1.0,1.6526981592178345,0.8543516873889876
4297,1297,4,3,9.68397653733355e-11,1.0,1.6526981592178345,0.8543516873889876
4298,1298,4,3,9.407392920213198e-11,1.0,1.652698278427124,0.8543516873889876
4299,1299,4,3,9.187821337075519e-11,1.0,1.652698278427124,0.8543516873889876
4300,1300,4,3,8.918300820059955e-11,1.0,1.6526981592178345,0.8543516873889876
4301,1301,4,3,8.679587604198957e-11,1.0,1.6526983976364136,0.8543516873889876
4302,1302,4,3,8.410141333348164e-11,1.0,1.6526986360549927,0.8543516873889876
4303,1303,4,3,8.221419378617867e-11,1.0,1.6526987552642822,0.8543516873889876
4304,1304,4,3,8.022086467329714e-11,1.0,1.6526986360549927,0.8543516873889876
4305,1305,4,3,7.853946659697186e-11,1.0,1.6526987552642822,0.8543516873889876
4306,1306,4,3,7.645570981873462e-11,1.0,1.6526989936828613,0.8543516873889876
4307,1307,4,3,7.445868227540231e-11,1.0,1.6526988744735718,0.8543516873889876
4308,1308,4,3,7.265555518332079e-11,1.0,1.6526987552642822,0.8543516873889876
4309,1309,4,3,7.066746493533671e-11,1.0,1.6526988744735718,0.8543516873889876
4310,1310,4,3,6.907899252617256e-11,1.0,1.6526991128921509,0.8543516873889876
4311,1311,4,3,6.727625401214965e-11,1.0,1.6526991128921509,0.8543516873889876
4312,1312,4,3,6.521602702314055e-11,1.0,1.6526991128921509,0.8543516873889876
4313,1313,4,3,6.379347744500663e-11,1.0,1.6526994705200195,0.8543516873889876
4314,1314,4,3,6.221576032139353e-11,1.0,1.65269935131073,0.8543516873889876
4315,1315,4,3,6.056294354905845e-11,1.0,1.65269935131073,0.8543516873889876
4316,1316,4,3,5.930085589245238e-11,1.0,1.6526992321014404,0.8543516873889876
4317,1317,4,3,5.7803796471578295e-11,1.0,1.6526994705200195,0.8543516873889876
4318,1318,4,3,5.625716212320775e-11,1.0,1.652699589729309,0.8543516873889876
4319,1319,4,3,5.507729688991603e-11,1.0,1.6526997089385986,0.8543516873889876
4320,1320,4,3,5.398662419886513e-11,1.0,1.6526997089385986,0.8543516873889876
4321,1321,4,3,5.2533546957000965e-11,1.0,1.6526999473571777,0.8543516873889876
4322,1322,4,3,5.147810996919411e-11,1.0,1.6526999473571777,0.8543516873889876
4323,1323,4,3,5.0234701814977356e-11,1.0,1.6527000665664673,0.8543516873889876
4324,1324,4,3,4.9286363185130355e-11,1.0,1.6526999473571777,0.8543516873889876
4325,1325,4,3,4.810392015275333e-11,1.0,1.6526998281478882,0.8543516873889876
4326,1326,4,3,4.7050700141548774e-11,1.0,1.6527000665664673,0.8543516873889876
4327,1327,4,3,4.6073575510341414e-11,1.0,1.6527001857757568,0.8543516873889876
4328,1328,4,3,4.4867838611128974e-11,1.0,1.6527000665664673,0.8543516873889876
4329,1329,4,3,4.3835997332042353e-11,1.0,1.6526998281478882,0.8543516873889876
4330,1330,4,3,4.3051864156984365e-11,1.0,1.6526999473571777,0.8543516873889876
4331,1331,4,3,4.188923513614995e-11,1.0,1.6527001857757568,0.8543516873889876
4332,1332,4,3,4.116205640225523e-11,1.0,1.652700424194336,0.8543516873889876
4333,1333,4,3,4.0245744237221714e-11,1.0,1.6527003049850464,0.8543516873889876
4334,1334,4,3,3.9512719485212955e-11,1.0,1.6527003049850464,0.8543516873889876
4335,1335,4,3,3.8746877234485666e-11,1.0,1.6527003049850464,0.8543516873889876
4336,1336,4,3,3.778137525056735e-11,1.0,1.6527001857757568,0.8543516873889876
4337,1337,4,3,3.718956739784396e-11,1.0,1.652700424194336,0.8543516873889876
4338,1338,4,3,3.641573848023327e-11,1.0,1.652700424194336,0.8543516873889876
4339,1339,4,3,3.575438903280492e-11,1.0,1.6527007818222046,0.8543516873889876
4340,1340,4,3,3.486596081292426e-11,1.0,1.6527009010314941,0.8543516873889876
4341,1341,4,3,3.426050762533883e-11,1.0,1.6527009010314941,0.8543516873889876
4342,1342,4,3,3.359308317629761e-11,1.0,1.6527010202407837,0.8543516873889876
4343,1343,4,3,3.2832521423831196e-11,1.0,1.6527010202407837,0.8543516873889876
4344,1344,4,3,3.233914872002863e-11,1.0,1.6527010202407837,0.8543516873889876
4345,1345,4,3,3.171187618056237e-11,1.0,1.6527010202407837,0.8543516873889876
4346,1346,4,3,3.1191077498604614e-11,1.0,1.6527011394500732,0.8543516873889876
4347,1347,4,3,3.052212302345758e-11,1.0,1.6527009010314941,0.8543516873889876
4348,1348,4,3,2.988206904142032e-11,1.0,1.6527010202407837,0.8543516873889876
4349,1349,4,3,2.964466519483899e-11,1.0,1.6527007818222046,0.8543516873889876
4350,1350,4,3,2.8775351892940115e-11,1.0,1.6527009010314941,0.8543516873889876
4351,1351,4,3,2.828474433835826e-11,1.0,1.6527007818222046,0.8543516873889876
4352,1352,4,3,2.762935713551684e-11,1.0,1.6527009010314941,0.8543516873889876
4353,1353,4,3,2.7153458301287792e-11,1.0,1.6527007818222046,0.8543516873889876
4354,1354,4,3,2.690338750388488e-11,1.0,1.6527007818222046,0.8543516873889876
4355,1355,4,3,2.6146329892839937e-11,1.0,1.6527010202407837,0.8543516873889876
4356,1356,4,3,2.5769960818045057e-11,1.0,1.6527010202407837,0.8543516873889876
4357,1357,4,3,2.5255743676955156e-11,1.0,1.6527011394500732,0.8543516873889876
4358,1358,4,3,2.479291251467064e-11,1.0,1.6527010202407837,0.8543516873889876
4359,1359,4,3,2.4445539342776712e-11,1.0,1.6527007818222046,0.8543516873889876
4360,1360,4,3,2.3976265417502418e-11,1.0,1.6527009010314941,0.8543516873889876
4361,1361,4,3,2.3459159961825016e-11,1.0,1.6527009010314941,0.8543516873889876
4362,1362,4,3,2.2982291417172895e-11,1.0,1.6527011394500732,0.8543516873889876
4363,1363,4,3,2.2703153593206515e-11,1.0,1.6527010202407837,0.8543516873889876
4364,1364,4,3,2.236372545483256e-11,1.0,1.6527012586593628,0.8543516873889876
4365,1365,4,3,2.2115078865403426e-11,1.0,1.6527013778686523,0.8543516873889876
4366,1366,4,3,2.1657824839094175e-11,1.0,1.6527012586593628,0.8543516873889876
4367,1367,4,3,2.1375911457566232e-11,1.0,1.6527013778686523,0.8543516873889876
4368,1368,4,3,2.0872760117529587e-11,1.0,1.6527012586593628,0.8543516873889876
4369,1369,4,3,2.0507477660469675e-11,1.0,1.6527012586593628,0.8543516873889876
4370,1370,4,3,2.016309515184833e-11,1.0,1.6527013778686523,0.8543516873889876
4371,1371,4,3,2.0009334467108175e-11,1.0,1.652701497077942,0.8543516873889876
4372,1372,4,3,1.966151547128092e-11,1.0,1.6527013778686523,0.8543516873889876
4373,1373,4,3,1.9261049352681248e-11,1.0,1.6527013778686523,0.8543516873889876
4374,1374,4,3,1.8728629758157922e-11,1.0,1.6527016162872314,0.8543516873889876
4375,1375,4,3,1.863674665980586e-11,1.0,1.6527016162872314,0.8543516873889876
4376,1376,4,3,1.831060129908746e-11,1.0,1.652701497077942,0.8543516873889876
4377,1377,4,3,1.8063276568947018e-11,1.0,1.6527013778686523,0.8543516873889876
4378,1378,4,3,1.7778849573102384e-11,1.0,1.6527016162872314,0.8543516873889876
4379,1379,4,3,1.7634525784071542e-11,1.0,1.652701497077942,0.8543516873889876
4380,1380,4,3,1.7139465194326853e-11,1.0,1.6527016162872314,0.8543516873889876
4381,1381,4,3,1.6870477237418413e-11,1.0,1.6527016162872314,0.8543516873889876
4382,1382,4,3,1.6647025771754365e-11,1.0,1.652701735496521,0.8543516873889876
4383,1383,4,3,1.630076802705549e-11,1.0,1.652701735496521,0.8543516873889876
4384,1384,4,3,1.6099538369118704e-11,1.0,1.652701735496521,0.8543516873889876
4385,1385,4,3,1.5889950813474663e-11,1.0,1.652701735496521,0.8543516873889876
4386,1386,4,3,1.5792540886128137e-11,1.0,1.652701735496521,0.8543516873889876
4387,1387,4,3,1.5526234811713557e-11,1.0,1.6527018547058105,0.8543516873889876
4388,1388,4,3,1.529260745813943e-11,1.0,1.6527018547058105,0.8543516873889876
4389,1389,4,3,1.5049824234059095e-11,1.0,1.6527018547058105,0.8543516873889876
4390,1390,4,3,1.4875673609582307e-11,1.0,1.652701735496521,0.8543516873889876
4391,1391,4,3,1.4519630289755447e-11,1.0,1.6527018547058105,0.8543516873889876
4392,1392,4,3,1.4451031517259683e-11,1.0,1.6527018547058105,0.8543516873889876
4393,1393,4,3,1.4240822063249503e-11,1.0,1.6527019739151,0.8543516873889876
4394,1394,4,3,1.4001320935985717e-11,1.0,1.6527019739151,0.8543516873889876
4395,1395,4,3,1.3904367240913373e-11,1.0,1.6527019739151,0.8543516873889876
4396,1396,4,3,1.3586834782253199e-11,1.0,1.6527019739151,0.8543516873889876
4397,1397,4,3,1.340859281245832e-11,1.0,1.6527020931243896,0.8543516873889876
4398,1398,4,3,1.3288484895790376e-11,1.0,1.6527020931243896,0.8543516873889876
4399,1399,4,3,1.3176606507292465e-11,1.0,1.6527022123336792,0.8543516873889876
4400,1400,4,3,1.292765373916982e-11,1.0,1.6527022123336792,0.8543516873889876
4401,1401,4,3,1.2697370065095637e-11,1.0,1.6527020931243896,0.8543516873889876
4402,1402,4,3,1.2568709961691127e-11,1.0,1.6527019739151,0.8543516873889876
4403,1403,4,3,1.2375714168733065e-11,1.0,1.6527018547058105,0.8543516873889876
4404,1404,4,3,1.2274053301508658e-11,1.0,1.6527019739151,0.8543516873889876
4405,1405,4,3,1.2113740566199738e-11,1.0,1.6527020931243896,0.8543516873889876
4406,1406,4,3,1.2016491968136478e-11,1.0,1.6527019739151,0.8543516873889876
4407,1407,4,3,1.1848372977185662e-11,1.0,1.6527022123336792,0.8543516873889876
4408,1408,4,3,1.1711261301006193e-11,1.0,1.6527020931243896,0.8543516873889876
4409,1409,4,3,1.1429013985209124e-11,1.0,1.6527022123336792,0.8543516873889876
4410,1410,4,3,1.1368325551763814e-11,1.0,1.6527022123336792,0.8543516873889876
4411,1411,4,3,1.1147162186364579e-11,1.0,1.6527022123336792,0.8543516873889876
4412,1412,4,3,1.1068198441099852e-11,1.0,1.6527024507522583,0.8543516873889876
4413,1413,4,3,1.08875391341412e-11,1.0,1.6527022123336792,0.8543516873889876
4414,1414,4,3,1.0766514416116202e-11,1.0,1.6527023315429688,0.8543516873889876
4415,1415,4,3,1.0694466145988457e-11,1.0,1.6527023315429688,0.8543516873889876
4416,1416,4,3,1.051156644366058e-11,1.0,1.6527024507522583,0.8543516873889876
4417,1417,4,3,1.037593014979743e-11,1.0,1.6527024507522583,0.8543516873889876
4418,1418,4,3,1.0239847164639215e-11,1.0,1.6527025699615479,0.8543516873889876
4419,1419,4,3,1.013106265546071e-11,1.0,1.6527024507522583,0.8543516873889876
4420,1420,4,3,1.003891501177856e-11,1.0,1.6527024507522583,0.8543516873889876
4421,1421,4,3,9.870123815480802e-12,1.0,1.6527024507522583,0.8543516873889876
4422,1422,4,3,9.768357997486099e-12,1.0,1.6527025699615479,0.8543516873889876
4423,1423,4,3,9.630588861109235e-12,1.0,1.6527025699615479,0.8543516873889876
4424,1424,4,3,9.632097203171597e-12,1.0,1.6527024507522583,0.8543516873889876
4425,1425,4,3,9.356993478648601e-12,1.0,1.6527024507522583,0.8543516873889876
4426,1426,4,3,9.350529898977111e-12,1.0,1.6527025699615479,0.8543516873889876
4427,1427,4,3,9.181522729606595e-12,1.0,1.6527025699615479,0.8543516873889876
4428,1428,4,3,9.051058513787069e-12,1.0,1.6527025699615479,0.8543516873889876
4429,1429,4,3,8.983183988342525e-12,1.0,1.6527024507522583,0.8543516873889876
4430,1430,4,3,8.929613125319147e-12,1.0,1.6527026891708374,0.8543516873889876
4431,1431,4,3,8.736121201446956e-12,1.0,1.6527026891708374,0.8543516873889876
4432,1432,4,3,8.688199465423097e-12,1.0,1.6527026891708374,0.8543516873889876
4433,1433,4,3,8.650058100356794e-12,1.0,1.652702808380127,0.8543516873889876
4434,1434,4,3,8.554177331754342e-12,1.0,1.6527029275894165,0.8543516873889876
4435,1435,4,3,8.266568853054768e-12,1.0,1.6527026891708374,0.8543516873889876
4436,1436,4,3,8.173882577733327e-12,1.0,1.6527025699615479,0.8543516873889876
4437,1437,4,3,8.254608802049646e-12,1.0,1.6527025699615479,0.8543516873889876
4438,1438,4,3,8.13239319635839e-12,1.0,1.6527026891708374,0.8543516873889876
4439,1439,4,3,8.083061997510299e-12,1.0,1.652702808380127,0.8543516873889876
4440,1440,4,3,7.93746492144809e-12,1.0,1.652702808380127,0.8543516873889876
4441,1441,4,3,7.932960711942716e-12,1.0,1.6527029275894165,0.8543516873889876
4442,1442,4,3,7.730332866884293e-12,1.0,1.652703046798706,0.8543516873889876
4443,1443,4,3,7.659295940543043e-12,1.0,1.652702808380127,0.8543516873889876
4444,1444,4,3,7.642544583297273e-12,1.0,1.652702808380127,0.8543516873889876
4445,1445,4,3,7.391672343648459e-12,1.0,1.652702808380127,0.8543516873889876
4446,1446,4,3,7.429808504544333e-12,1.0,1.652702808380127,0.8543516873889876
4447,1447,4,3,7.255297057584542e-12,1.0,1.652703046798706,0.8543516873889876
4448,1448,4,3,7.260677736126153e-12,1.0,1.6527031660079956,0.8543516873889876
4449,1449,4,3,7.1339488136312745e-12,1.0,1.6527031660079956,0.8543516873889876
4450,1450,4,3,7.138539325629578e-12,1.0,1.652703046798706,0.8543516873889876
4451,1451,4,3,6.909221458850645e-12,1.0,1.6527031660079956,0.8543516873889876
4452,1452,4,3,6.841922427919256e-12,1.0,1.6527029275894165,0.8543516873889876
4453,1453,4,3,6.783110965274952e-12,1.0,1.652703046798706,0.8543516873889876
4454,1454,4,3,6.729177111364226e-12,1.0,1.652703046798706,0.8543516873889876
4455,1455,4,3,6.690000550063635e-12,1.0,1.652703046798706,0.8543516873889876
4456,1456,4,3,6.709578639213509e-12,1.0,1.6527031660079956,0.8543516873889876
4457,1457,4,3,6.584421376187866e-12,1.0,1.652703046798706,0.8543516873889876
4458,1458,4,3,6.601057374322483e-12,1.0,1.652703046798706,0.8543516873889876
4459,1459,4,3,6.399268701745564e-12,1.0,1.652703046798706,0.8543516873889876
4460,1460,4,3,6.4101549589190565e-12,1.0,1.652702808380127,0.8543516873889876
4461,1461,4,3,6.351105839158544e-12,1.0,1.652703046798706,0.8543516873889876
4462,1462,4,3,6.2898150229862004e-12,1.0,1.652703046798706,0.8543516873889876
4463,1463,4,3,6.176262192653104e-12,1.0,1.652703046798706,0.8543516873889876
4464,1464,4,3,6.195280833481975e-12,1.0,1.652703046798706,0.8543516873889876
4465,1465,4,3,6.056789618458236e-12,1.0,1.6527029275894165,0.8543516873889876
4466,1466,4,3,5.990908723968458e-12,1.0,1.6527029275894165,0.8543516873889876
4467,1467,4,3,6.0166585255649885e-12,1.0,1.652703046798706,0.8543516873889876
4468,1468,4,3,5.9055872171642765e-12,1.0,1.652703046798706,0.8543516873889876
4469,1469,4,3,5.848282361858859e-12,1.0,1.6527031660079956,0.8543516873889876
4470,1470,4,3,5.750935318238337e-12,1.0,1.652703046798706,0.8543516873889876
4471,1471,4,3,5.708965418460554e-12,1.0,1.6527031660079956,0.8543516873889876
4472,1472,4,3,5.665319775804978e-12,1.0,1.6527029275894165,0.8543516873889876
4473,1473,4,3,5.577279957313941e-12,1.0,1.6527029275894165,0.8543516873889876
4474,1474,4,3,5.606243334149719e-12,1.0,1.6527029275894165,0.8543516873889876
4475,1475,4,3,5.580340443206433e-12,1.0,1.6527029275894165,0.8543516873889876
4476,1476,4,3,5.555131875334407e-12,1.0,1.6527031660079956,0.8543516873889876
4477,1477,4,3,5.41474243914708e-12,1.0,1.652703046798706,0.8543516873889876
4478,1478,4,3,5.3820173144536465e-12,1.0,1.6527031660079956,0.8543516873889876
4479,1479,4,3,5.298505557915778e-12,1.0,1.6527029275894165,0.8543516873889876
4480,1480,4,3,5.2811210266012765e-12,1.0,1.652702808380127,0.8543516873889876
4481,1481,4,3,5.254623992867469e-12,1.0,1.6527029275894165,0.8543516873889876
4482,1482,4,3,5.218309725302239e-12,1.0,1.652702808380127,0.8543516873889876
4483,1483,4,3,5.162064352359774e-12,1.0,1.6527029275894165,0.8543516873889876
4484,1484,4,3,5.052260259458263e-12,1.0,1.6527029275894165,0.8543516873889876
4485,1485,4,3,5.077216425064535e-12,1.0,1.652703046798706,0.8543516873889876
4486,1486,4,3,5.1002643948472315e-12,1.0,1.6527031660079956,0.8543516873889876
4487,1487,4,3,4.980303495993876e-12,1.0,1.652703046798706,0.8543516873889876
4488,1488,4,3,4.897319962754443e-12,1.0,1.652702808380127,0.8543516873889876
4489,1489,4,3,4.828969255715743e-12,1.0,1.6527026891708374,0.8543516873889876
4490,1490,4,3,4.891185113181651e-12,1.0,1.6527029275894165,0.8543516873889876
4491,1491,4,3,4.856773403588699e-12,1.0,1.6527029275894165,0.8543516873889876
4492,1492,4,3,4.822660066433615e-12,1.0,1.652703046798706,0.8543516873889876
4493,1493,4,3,4.7253130228130935e-12,1.0,1.652703046798706,0.8543516873889876
4494,1494,4,3,4.6686213922564335e-12,1.0,1.6527031660079956,0.8543516873889876
4495,1495,4,3,4.669788427474897e-12,1.0,1.6527029275894165,0.8543516873889876
4496,1496,4,3,4.637235474086454e-12,1.0,1.652703046798706,0.8543516873889876
4497,1497,4,3,4.577912268016737e-12,1.0,1.6527029275894165,0.8543516873889876
4498,1498,4,3,4.631046848085907e-12,1.0,1.6527029275894165,0.8543516873889876
4499,1499,4,3,4.592826119420579e-12,1.0,1.6527029275894165,0.8543516873889876
4500,0,4,5,3.9243903160095215,0.8651982378854626,3.170344591140747,0.9146341463414634
4501,1,4,5,2.6120195388793945,0.873568281938326,2.920814275741577,0.9320557491289199
4502,2,4,5,2.0089423656463623,0.8568281938325991,2.8332972526550293,0.9285714285714286
4503,3,4,5,1.804856300354004,0.8414096916299559,2.780038833618164,0.9320557491289199
4504,4,4,5,1.757325530052185,0.8290748898678414,2.6886088848114014,0.9337979094076655
4505,5,4,5,1.7135248184204102,0.8242290748898679,2.557569980621338,0.9285714285714286
4506,6,4,5,1.6342542171478271,0.8233480176211454,2.4157798290252686,0.9233449477351916
4507,7,4,5,1.5404598712921143,0.8268722466960352,2.288118600845337,0.9181184668989547
4508,8,4,5,1.457539439201355,0.8308370044052863,2.185089349746704,0.9198606271777003
4509,9,4,5,1.396915316581726,0.8325991189427313,2.1109414100646973,0.9163763066202091
4510,10,4,5,1.3576850891113281,0.8400881057268722,2.0667564868927,0.9146341463414634
4511,11,4,5,1.3229832649230957,0.845374449339207,2.0523691177368164,0.9163763066202091
4512,12,4,5,1.2758756875991821,0.8572687224669604,2.063377857208252,0.9198606271777003
4513,13,4,5,1.2178606986999512,0.8638766519823788,2.0947954654693604,0.9163763066202091
4514,14,4,5,1.1602050065994263,0.8704845814977974,2.139234781265259,0.9163763066202091
4515,15,4,5,1.113737940788269,0.8762114537444934,2.1872124671936035,0.9146341463414634
4516,16,4,5,1.0824790000915527,0.8775330396475771,2.228865146636963,0.9128919860627178
4517,17,4,5,1.0623897314071655,0.8788546255506607,2.256533145904541,0.9198606271777003
4518,18,4,5,1.0465298891067505,0.8788546255506607,2.2657980918884277,0.9163763066202091
4519,19,4,5,1.0293629169464111,0.8801762114537445,2.2561304569244385,0.9181184668989547
4520,20,4,5,1.0080739259719849,0.8797356828193833,2.231332302093506,0.9181184668989547
4521,21,4,5,0.9830616116523743,0.8775330396475771,2.1968297958374023,0.9181184668989547
4522,22,4,5,0.9567496180534363,0.8775330396475771,2.1592230796813965,0.9128919860627178
4523,23,4,5,0.9320530891418457,0.8762114537444934,2.1257824897766113,0.9128919860627178
4524,24,4,5,0.910737156867981,0.8775330396475771,2.101651906967163,0.9128919860627178
4525,25,4,5,0.8927617073059082,0.8766519823788547,2.0899970531463623,0.9146341463414634
4526,26,4,5,0.8772506713867188,0.873568281938326,2.0933878421783447,0.9146341463414634
4527,27,4,5,0.8628330230712891,0.8726872246696036,2.111510753631592,0.9128919860627178
4528,28,4,5,0.8485502004623413,0.8766519823788547,2.1429684162139893,0.9076655052264808
4529,29,4,5,0.8339168429374695,0.8810572687224669,2.182703971862793,0.9041811846689896
4530,30,4,5,0.8194857239723206,0.8872246696035242,2.224799394607544,0.9076655052264808
4531,31,4,5,0.8063636422157288,0.8898678414096917,2.2629356384277344,0.9059233449477352
4532,32,4,5,0.7947549223899841,0.8907488986784141,2.2895524501800537,0.9059233449477352
4533,33,4,5,0.7838072180747986,0.8929515418502203,2.2997243404388428,0.9059233449477352
4534,34,4,5,0.7724606990814209,0.8938325991189427,2.290682315826416,0.9059233449477352
4535,35,4,5,0.7600343823432922,0.8964757709251101,2.2640295028686523,0.9059233449477352
4536,36,4,5,0.7468456625938416,0.8951541850220265,2.2247936725616455,0.9041811846689896
4537,37,4,5,0.7337777614593506,0.8951541850220265,2.1800808906555176,0.9059233449477352
4538,38,4,5,0.7219074964523315,0.8947136563876652,2.1376285552978516,0.9094076655052264
4539,39,4,5,0.7116782665252686,0.8951541850220265,2.103590965270996,0.9076655052264808
4540,40,4,5,0.7026233077049255,0.8947136563876652,2.0821919441223145,0.9076655052264808
4541,41,4,5,0.6936972141265869,0.8951541850220265,2.0754122734069824,0.9094076655052264
4542,42,4,5,0.6841732859611511,0.8977973568281938,2.082592725753784,0.9094076655052264
4543,43,4,5,0.6740638017654419,0.9022026431718062,2.100667953491211,0.9059233449477352
4544,44,4,5,0.6638930439949036,0.9061674008810573,2.1253278255462646,0.9059233449477352
4545,45,4,5,0.6542211174964905,0.9079295154185022,2.151430368423462,0.9059233449477352
4546,46,4,5,0.6451599597930908,0.9105726872246696,2.1738674640655518,0.9041811846689896
4547,47,4,5,0.6364666819572449,0.9118942731277533,2.188709259033203,0.9041811846689896
4548,48,4,5,0.6278820633888245,0.9140969162995595,2.1941397190093994,0.9059233449477352
4549,49,4,5,0.6191375851631165,0.9149779735682819,2.1910433769226074,0.9076655052264808
4550,50,4,5,0.6105907559394836,0.9162995594713657,2.182797431945801,0.9076655052264808
4551,51,4,5,0.6024345755577087,0.9167400881057268,2.1733977794647217,0.9076655052264808
4552,52,4,5,0.5946913361549377,0.9167400881057268,2.166222333908081,0.9076655052264808
4553,53,4,5,0.5870405435562134,0.9176211453744494,2.163235902786255,0.9094076655052264
4554,54,4,5,0.5792904496192932,0.918942731277533,2.165215492248535,0.9094076655052264
4555,55,4,5,0.5714852213859558,0.9202643171806167,2.1707279682159424,0.9128919860627178
4556,56,4,5,0.563761830329895,0.9215859030837005,2.1774797439575195,0.9128919860627178
4557,57,4,5,0.5563376545906067,0.9233480176211454,2.1829326152801514,0.9128919860627178
4558,58,4,5,0.5491856932640076,0.9237885462555067,2.1846771240234375,0.9128919860627178
4559,59,4,5,0.5421509146690369,0.9246696035242291,2.181889533996582,0.9128919860627178
4560,60,4,5,0.535125732421875,0.9246696035242291,2.175077199935913,0.9111498257839721
4561,61,4,5,0.5281575918197632,0.9251101321585903,2.166485071182251,0.9076655052264808
4562,62,4,5,0.5213326215744019,0.9251101321585903,2.1587514877319336,0.9059233449477352
4563,63,4,5,0.5146775841712952,0.9268722466960353,2.1545979976654053,0.9059233449477352
4564,64,4,5,0.5081433057785034,0.9273127753303965,2.1554789543151855,0.9059233449477352
4565,65,4,5,0.5016338229179382,0.9281938325991189,2.1613426208496094,0.9059233449477352
4566,66,4,5,0.49517545104026794,0.9290748898678414,2.170872449874878,0.9041811846689896
4567,67,4,5,0.4887709319591522,0.9299559471365639,2.1814041137695312,0.9041811846689896
4568,68,4,5,0.4824741780757904,0.9303964757709251,2.190361499786377,0.9041811846689896
4569,69,4,5,0.4762588143348694,0.93215859030837,2.195831537246704,0.9041811846689896
4570,70,4,5,0.4701066017150879,0.9343612334801762,2.197331428527832,0.9041811846689896
4571,71,4,5,0.4640880227088928,0.9361233480176211,2.195882558822632,0.9024390243902439
4572,72,4,5,0.4581563174724579,0.9374449339207048,2.1934218406677246,0.9041811846689896
4573,73,4,5,0.452293336391449,0.9383259911894273,2.191737413406372,0.9041811846689896
4574,74,4,5,0.4465216398239136,0.939647577092511,2.191783905029297,0.9041811846689896
4575,75,4,5,0.44082415103912354,0.939647577092511,2.193844795227051,0.9041811846689896
4576,76,4,5,0.43518707156181335,0.9405286343612335,2.197429656982422,0.9024390243902439
4577,77,4,5,0.4296456575393677,0.9400881057268723,2.2012569904327393,0.9024390243902439
4578,78,4,5,0.42419004440307617,0.9405286343612335,2.204094171524048,0.9024390243902439
4579,79,4,5,0.4188157618045807,0.9409691629955947,2.2053651809692383,0.9024390243902439
4580,80,4,5,0.413495808839798,0.9414096916299559,2.2051966190338135,0.9024390243902439
4581,81,4,5,0.4082396924495697,0.9431718061674009,2.2046754360198975,0.9024390243902439
4582,82,4,5,0.4030272364616394,0.9440528634361234,2.2042770385742188,0.9024390243902439
4583,83,4,5,0.39789915084838867,0.9444933920704845,2.204577684402466,0.9059233449477352
4584,84,4,5,0.3928568363189697,0.9449339207048458,2.2060110569000244,0.9059233449477352
4585,85,4,5,0.3878759443759918,0.9458149779735683,2.2082571983337402,0.9059233449477352
4586,86,4,5,0.38294124603271484,0.947136563876652,2.2107672691345215,0.9059233449477352
4587,87,4,5,0.37803587317466736,0.9475770925110132,2.212872266769409,0.9059233449477352
4588,88,4,5,0.373208612203598,0.9475770925110132,2.214292526245117,0.9059233449477352
4589,89,4,5,0.3684721291065216,0.9475770925110132,2.2148120403289795,0.9059233449477352
4590,90,4,5,0.36380335688591003,0.9484581497797356,2.21447491645813,0.9076655052264808
4591,91,4,5,0.3592014014720917,0.9493392070484582,2.2136521339416504,0.9076655052264808
4592,92,4,5,0.3546582758426666,0.9524229074889868,2.2126564979553223,0.9076655052264808
4593,93,4,5,0.35016965866088867,0.9524229074889868,2.2123656272888184,0.9076655052264808
4594,94,4,5,0.34577345848083496,0.952863436123348,2.21293568611145,0.9076655052264808
4595,95,4,5,0.3414314091205597,0.952863436123348,2.2144410610198975,0.9076655052264808
4596,96,4,5,0.3371350169181824,0.9533039647577093,2.2166054248809814,0.9076655052264808
4597,97,4,5,0.33289602398872375,0.9537444933920705,2.2191050052642822,0.9059233449477352
4598,98,4,5,0.3287145793437958,0.9541850220264317,2.2217915058135986,0.9059233449477352
4599,99,4,5,0.3245857357978821,0.9550660792951542,2.2243399620056152,0.9059233449477352
4600,100,4,5,0.3205287754535675,0.9555066079295155,2.2268593311309814,0.9059233449477352
4601,101,4,5,0.3165211081504822,0.9572687224669604,2.229522705078125,0.9059233449477352
4602,102,4,5,0.31255823373794556,0.9577092511013215,2.232154369354248,0.9059233449477352
4603,103,4,5,0.3086349070072174,0.9577092511013215,2.234736919403076,0.9041811846689896
4604,104,4,5,0.30475443601608276,0.9577092511013215,2.237414598464966,0.9041811846689896
4605,105,4,5,0.30092692375183105,0.9581497797356828,2.239856719970703,0.9059233449477352
4606,106,4,5,0.2971586585044861,0.9581497797356828,2.241947650909424,0.9059233449477352
4607,107,4,5,0.29345589876174927,0.9581497797356828,2.243601083755493,0.9041811846689896
4608,108,4,5,0.28979381918907166,0.9590308370044053,2.244893789291382,0.9059233449477352
4609,109,4,5,0.28616467118263245,0.9599118942731277,2.2461800575256348,0.9059233449477352
4610,110,4,5,0.28257960081100464,0.9599118942731277,2.2480456829071045,0.9059233449477352
4611,111,4,5,0.27904587984085083,0.960352422907489,2.250377893447876,0.9059233449477352
4612,112,4,5,0.27554672956466675,0.960352422907489,2.253117799758911,0.9059233449477352
4613,113,4,5,0.272085964679718,0.960352422907489,2.255621910095215,0.9059233449477352
4614,114,4,5,0.26866474747657776,0.960352422907489,2.257439136505127,0.9059233449477352
4615,115,4,5,0.2652818560600281,0.9612334801762115,2.2585182189941406,0.9059233449477352
4616,116,4,5,0.2619505822658539,0.9621145374449339,2.259587526321411,0.9041811846689896
4617,117,4,5,0.25865548849105835,0.9634361233480176,2.261221170425415,0.9041811846689896
4618,118,4,5,0.2553899884223938,0.9634361233480176,2.2631146907806396,0.9041811846689896
4619,119,4,5,0.25217604637145996,0.9643171806167401,2.264580488204956,0.9041811846689896
4620,120,4,5,0.24901582300662994,0.9651982378854626,2.2654662132263184,0.9041811846689896
4621,121,4,5,0.2459038347005844,0.9651982378854626,2.2663414478302,0.9041811846689896
4622,122,4,5,0.24284382164478302,0.9651982378854626,2.2676541805267334,0.9041811846689896
4623,123,4,5,0.23982077836990356,0.9656387665198238,2.269313335418701,0.9041811846689896
4624,124,4,5,0.23684518039226532,0.9656387665198238,2.2707016468048096,0.9041811846689896
4625,125,4,5,0.23391543328762054,0.966079295154185,2.271808624267578,0.9041811846689896
4626,126,4,5,0.23102454841136932,0.966079295154185,2.272979736328125,0.9041811846689896
4627,127,4,5,0.22818127274513245,0.9674008810572687,2.2746307849884033,0.9041811846689896
4628,128,4,5,0.22537387907505035,0.9687224669603525,2.276705265045166,0.9041811846689896
4629,129,4,5,0.22260098159313202,0.9691629955947136,2.27878737449646,0.9024390243902439
4630,130,4,5,0.21986253559589386,0.9691629955947136,2.280862808227539,0.9024390243902439
4631,131,4,5,0.21715205907821655,0.9696035242290749,2.2834715843200684,0.9024390243902439
4632,132,4,5,0.21447542309761047,0.9700440528634361,2.286115884780884,0.9006968641114983
4633,133,4,5,0.2118336707353592,0.9709251101321585,2.2884116172790527,0.9024390243902439
4634,134,4,5,0.20922711491584778,0.9709251101321585,2.2901294231414795,0.9024390243902439
4635,135,4,5,0.2066638320684433,0.9709251101321585,2.292102098464966,0.9024390243902439
4636,136,4,5,0.20412927865982056,0.9718061674008811,2.2949059009552,0.9024390243902439
4637,137,4,5,0.20162814855575562,0.9726872246696036,2.298067092895508,0.9024390243902439
4638,138,4,5,0.19914743304252625,0.9726872246696036,2.300891876220703,0.9024390243902439
4639,139,4,5,0.19670440256595612,0.973568281938326,2.3027679920196533,0.9024390243902439
4640,140,4,5,0.1942872852087021,0.973568281938326,2.3040664196014404,0.9024390243902439
4641,141,4,5,0.19189542531967163,0.973568281938326,2.305302143096924,0.9024390243902439
4642,142,4,5,0.18953202664852142,0.9740088105726872,2.3069584369659424,0.9024390243902439
4643,143,4,5,0.18719474971294403,0.9753303964757709,2.308734893798828,0.9024390243902439
4644,144,4,5,0.18487928807735443,0.9753303964757709,2.3105320930480957,0.9024390243902439
4645,145,4,5,0.18258875608444214,0.9762114537444934,2.3121964931488037,0.9024390243902439
4646,146,4,5,0.180332750082016,0.9766519823788546,2.313884973526001,0.9041811846689896
4647,147,4,5,0.17809858918190002,0.9766519823788546,2.315570831298828,0.9041811846689896
4648,148,4,5,0.17588947713375092,0.9766519823788546,2.3175055980682373,0.9024390243902439
4649,149,4,5,0.17370083928108215,0.9788546255506608,2.3197827339172363,0.9041811846689896
4650,150,4,5,0.17153671383857727,0.9788546255506608,2.3222084045410156,0.9041811846689896
4651,151,4,5,0.16940417885780334,0.9788546255506608,2.324211835861206,0.9041811846689896
4652,152,4,5,0.1672978401184082,0.9788546255506608,2.32608962059021,0.9041811846689896
4653,153,4,5,0.16521334648132324,0.979295154185022,2.3281517028808594,0.9041811846689896
4654,154,4,5,0.16315603256225586,0.9801762114537445,2.330232858657837,0.9059233449477352
4655,155,4,5,0.16113056242465973,0.9801762114537445,2.332745313644409,0.9059233449477352
4656,156,4,5,0.15913382172584534,0.9806167400881057,2.335637092590332,0.9059233449477352
4657,157,4,5,0.15716062486171722,0.9806167400881057,2.3380320072174072,0.9059233449477352
4658,158,4,5,0.15521010756492615,0.981057268722467,2.339620351791382,0.9076655052264808
4659,159,4,5,0.15328000485897064,0.9814977973568282,2.3410706520080566,0.9076655052264808
4660,160,4,5,0.15136930346488953,0.9814977973568282,2.342629909515381,0.9076655052264808
4661,161,4,5,0.149488627910614,0.9819383259911895,2.344076633453369,0.9076655052264808
4662,162,4,5,0.14763577282428741,0.9823788546255506,2.345447540283203,0.9076655052264808
4663,163,4,5,0.145807683467865,0.9828193832599119,2.3472189903259277,0.9076655052264808
4664,164,4,5,0.14400525391101837,0.9828193832599119,2.349391222000122,0.9076655052264808
4665,165,4,5,0.14223359525203705,0.9828193832599119,2.3517277240753174,0.9076655052264808
4666,166,4,5,0.14048342406749725,0.9828193832599119,2.354149580001831,0.9076655052264808
4667,167,4,5,0.13875123858451843,0.9832599118942731,2.356924057006836,0.9059233449477352
4668,168,4,5,0.1370496153831482,0.9832599118942731,2.3601324558258057,0.9059233449477352
4669,169,4,5,0.13536831736564636,0.9832599118942731,2.3631162643432617,0.9059233449477352
4670,170,4,5,0.13370412588119507,0.9832599118942731,2.36519718170166,0.9059233449477352
4671,171,4,5,0.1320611536502838,0.9832599118942731,2.3666887283325195,0.9059233449477352
4672,172,4,5,0.13043564558029175,0.9832599118942731,2.368277072906494,0.9059233449477352
4673,173,4,5,0.12882886826992035,0.9837004405286344,2.371000051498413,0.9059233449477352
4674,174,4,5,0.1272396594285965,0.9841409691629956,2.3743040561676025,0.9059233449477352
4675,175,4,5,0.12566843628883362,0.9841409691629956,2.3770618438720703,0.9059233449477352
4676,176,4,5,0.12412001937627792,0.9845814977973568,2.3787128925323486,0.9059233449477352
4677,177,4,5,0.12258391827344894,0.9845814977973568,2.379749059677124,0.9059233449477352
4678,178,4,5,0.12106706947088242,0.9845814977973568,2.3813440799713135,0.9059233449477352
4679,179,4,5,0.11957676708698273,0.9850220264317181,2.3843607902526855,0.9059233449477352
4680,180,4,5,0.11810390651226044,0.9850220264317181,2.3881282806396484,0.9059233449477352
4681,181,4,5,0.11664840579032898,0.9850220264317181,2.391242742538452,0.9076655052264808
4682,182,4,5,0.11521472781896591,0.9850220264317181,2.3941516876220703,0.9076655052264808
4683,183,4,5,0.11379770189523697,0.9854625550660793,2.396005392074585,0.9059233449477352
4684,184,4,5,0.11240006238222122,0.9859030837004406,2.397970199584961,0.9059233449477352
4685,185,4,5,0.11101894080638885,0.9859030837004406,2.4006621837615967,0.9059233449477352
4686,186,4,5,0.10965689271688461,0.9863436123348017,2.403993606567383,0.9059233449477352
4687,187,4,5,0.10830050706863403,0.986784140969163,2.4067223072052,0.9059233449477352
4688,188,4,5,0.10696191340684891,0.986784140969163,2.4087531566619873,0.9059233449477352
4689,189,4,5,0.10563922673463821,0.986784140969163,2.410473585128784,0.9059233449477352
4690,190,4,5,0.10433448851108551,0.986784140969163,2.41225266456604,0.9059233449477352
4691,191,4,5,0.10304547101259232,0.986784140969163,2.4142518043518066,0.9059233449477352
4692,192,4,5,0.10177116841077805,0.986784140969163,2.416468858718872,0.9059233449477352
4693,193,4,5,0.10051440447568893,0.986784140969163,2.4193058013916016,0.9059233449477352
4694,194,4,5,0.09927207231521606,0.9872246696035242,2.4226553440093994,0.9059233449477352
4695,195,4,5,0.09804306924343109,0.9876651982378855,2.425693988800049,0.9059233449477352
4696,196,4,5,0.09682857245206833,0.9881057268722467,2.4275906085968018,0.9059233449477352
4697,197,4,5,0.09562651067972183,0.9881057268722467,2.4298880100250244,0.9059233449477352
4698,198,4,5,0.09444627165794373,0.9885462555066079,2.432647228240967,0.9059233449477352
4699,199,4,5,0.09327849745750427,0.9885462555066079,2.434443950653076,0.9059233449477352
4700,200,4,5,0.0921284630894661,0.9885462555066079,2.435774564743042,0.9059233449477352
4701,201,4,5,0.09099538624286652,0.9885462555066079,2.43827223777771,0.9059233449477352
4702,202,4,5,0.08987203985452652,0.9885462555066079,2.441415786743164,0.9059233449477352
4703,203,4,5,0.0887635126709938,0.9889867841409692,2.4441049098968506,0.9041811846689896
4704,204,4,5,0.08766639232635498,0.9889867841409692,2.445864677429199,0.9059233449477352
4705,205,4,5,0.08658315986394882,0.9889867841409692,2.4473702907562256,0.9059233449477352
4706,206,4,5,0.08551139384508133,0.9889867841409692,2.448575735092163,0.9059233449477352
4707,207,4,5,0.08445249497890472,0.9889867841409692,2.450072765350342,0.9059233449477352
4708,208,4,5,0.08340701460838318,0.9889867841409692,2.4520375728607178,0.9059233449477352
4709,209,4,5,0.08237357437610626,0.9889867841409692,2.454662799835205,0.9059233449477352
4710,210,4,5,0.08135505020618439,0.9889867841409692,2.456674575805664,0.9059233449477352
4711,211,4,5,0.08035028725862503,0.9898678414096916,2.457437753677368,0.9059233449477352
4712,212,4,5,0.07935617119073868,0.9903083700440528,2.458449125289917,0.9041811846689896
4713,213,4,5,0.07837563008069992,0.9903083700440528,2.460803747177124,0.9041811846689896
4714,214,4,5,0.07740720361471176,0.9903083700440528,2.4631688594818115,0.9041811846689896
4715,215,4,5,0.07645094394683838,0.9903083700440528,2.4646666049957275,0.9024390243902439
4716,216,4,5,0.07550685107707977,0.9903083700440528,2.466247081756592,0.9024390243902439
4717,217,4,5,0.07457343488931656,0.9907488986784141,2.4675142765045166,0.9024390243902439
4718,218,4,5,0.07365107536315918,0.9907488986784141,2.4691355228424072,0.9024390243902439
4719,219,4,5,0.07274091988801956,0.9907488986784141,2.4705810546875,0.9024390243902439
4720,220,4,5,0.07184050977230072,0.9907488986784141,2.472191572189331,0.9024390243902439
4721,221,4,5,0.0709516853094101,0.9911894273127754,2.4738776683807373,0.9024390243902439
4722,222,4,5,0.07007778435945511,0.9916299559471365,2.4760632514953613,0.9024390243902439
4723,223,4,5,0.06921478360891342,0.9916299559471365,2.477952718734741,0.9024390243902439
4724,224,4,5,0.06836078315973282,0.9916299559471365,2.479020357131958,0.9024390243902439
4725,225,4,5,0.06751953810453415,0.9920704845814978,2.4799599647521973,0.9024390243902439
4726,226,4,5,0.0666867271065712,0.9929515418502203,2.4824535846710205,0.9041811846689896
4727,227,4,5,0.06586796045303345,0.9929515418502203,2.484877824783325,0.9041811846689896
4728,228,4,5,0.0650598406791687,0.9929515418502203,2.485914468765259,0.9041811846689896
4729,229,4,5,0.06425885111093521,0.9929515418502203,2.4864046573638916,0.9041811846689896
4730,230,4,5,0.06346846371889114,0.9929515418502203,2.486687183380127,0.9041811846689896
4731,231,4,5,0.06269015371799469,0.9929515418502203,2.4879865646362305,0.9041811846689896
4732,232,4,5,0.061919767409563065,0.9929515418502203,2.4907853603363037,0.9041811846689896
4733,233,4,5,0.06115202233195305,0.9933920704845814,2.493290424346924,0.9041811846689896
4734,234,4,5,0.06040431559085846,0.9933920704845814,2.494633674621582,0.9041811846689896
4735,235,4,5,0.05966026335954666,0.9933920704845814,2.4965522289276123,0.9041811846689896
4736,236,4,5,0.05892208218574524,0.9933920704845814,2.4977545738220215,0.9041811846689896
4737,237,4,5,0.05819866061210632,0.9938325991189427,2.4983818531036377,0.9024390243902439
4738,238,4,5,0.0574779137969017,0.9938325991189427,2.4999120235443115,0.9024390243902439
4739,239,4,5,0.05677485466003418,0.9938325991189427,2.5012335777282715,0.9006968641114983
4740,240,4,5,0.05607345327734947,0.994273127753304,2.5016229152679443,0.9006968641114983
4741,241,4,5,0.05538760870695114,0.994273127753304,2.5028531551361084,0.9006968641114983
4742,242,4,5,0.05470939353108406,0.994273127753304,2.505099058151245,0.9006968641114983
4743,243,4,5,0.05403624475002289,0.994273127753304,2.5063517093658447,0.9006968641114983
4744,244,4,5,0.053374212235212326,0.994273127753304,2.507551908493042,0.9006968641114983
4745,245,4,5,0.05272427573800087,0.994273127753304,2.509943723678589,0.9006968641114983
4746,246,4,5,0.05208374559879303,0.994273127753304,2.509121894836426,0.9006968641114983
4747,247,4,5,0.05144282802939415,0.994273127753304,2.509312629699707,0.9006968641114983
4748,248,4,5,0.05082330480217934,0.994273127753304,2.512943744659424,0.9006968641114983
4749,249,4,5,0.05020606145262718,0.994273127753304,2.513227939605713,0.9006968641114983
4750,250,4,5,0.04958575963973999,0.994273127753304,2.5125646591186523,0.9006968641114983
4751,251,4,5,0.04898260533809662,0.994273127753304,2.5140089988708496,0.9006968641114983
4752,252,4,5,0.04839189350605011,0.994273127753304,2.514407157897949,0.9006968641114983
4753,253,4,5,0.0477997362613678,0.994273127753304,2.513864040374756,0.9006968641114983
4754,254,4,5,0.04721508175134659,0.994273127753304,2.514012098312378,0.9006968641114983
4755,255,4,5,0.04664590209722519,0.9947136563876652,2.515576124191284,0.9006968641114983
4756,256,4,5,0.046078212559223175,0.9947136563876652,2.5184743404388428,0.9006968641114983
4757,257,4,5,0.04551537707448006,0.9951541850220265,2.5183205604553223,0.9006968641114983
4758,258,4,5,0.044962458312511444,0.9951541850220265,2.5167856216430664,0.9006968641114983
4759,259,4,5,0.04441657289862633,0.9951541850220265,2.5185701847076416,0.9006968641114983
4760,260,4,5,0.04387299343943596,0.9951541850220265,2.519584894180298,0.9006968641114983
4761,261,4,5,0.04333852231502533,0.9951541850220265,2.519451856613159,0.9006968641114983
4762,262,4,5,0.04281622916460037,0.9951541850220265,2.521479606628418,0.9006968641114983
4763,263,4,5,0.042291585355997086,0.9951541850220265,2.521130323410034,0.8989547038327527
4764,264,4,5,0.0417734794318676,0.9951541850220265,2.5216825008392334,0.8989547038327527
4765,265,4,5,0.041268490254879,0.9951541850220265,2.5233306884765625,0.8989547038327527
4766,266,4,5,0.04076927900314331,0.9951541850220265,2.5229034423828125,0.8989547038327527
4767,267,4,5,0.04027178883552551,0.9951541850220265,2.5230929851531982,0.8989547038327527
4768,268,4,5,0.039781227707862854,0.9960352422907489,2.5262014865875244,0.8989547038327527
4769,269,4,5,0.039302147924900055,0.9960352422907489,2.525840997695923,0.8989547038327527
4770,270,4,5,0.038822371512651443,0.9960352422907489,2.525442600250244,0.8989547038327527
4771,271,4,5,0.03834838047623634,0.9960352422907489,2.5270328521728516,0.8989547038327527
4772,272,4,5,0.037886567413806915,0.9960352422907489,2.527855157852173,0.8989547038327527
4773,273,4,5,0.03742687404155731,0.9960352422907489,2.5294628143310547,0.8989547038327527
4774,274,4,5,0.03696534410119057,0.9960352422907489,2.529386043548584,0.8989547038327527
4775,275,4,5,0.036515817046165466,0.9960352422907489,2.529654026031494,0.8989547038327527
4776,276,4,5,0.0360766239464283,0.9960352422907489,2.5328447818756104,0.8989547038327527
4777,277,4,5,0.03563202545046806,0.9964757709251101,2.5325748920440674,0.8989547038327527
4778,278,4,5,0.035192541778087616,0.9964757709251101,2.5327043533325195,0.8989547038327527
4779,279,4,5,0.034761641174554825,0.9964757709251101,2.535714626312256,0.8989547038327527
4780,280,4,5,0.034342654049396515,0.9969162995594714,2.535682201385498,0.8989547038327527
4781,281,4,5,0.033917106688022614,0.9969162995594714,2.5354325771331787,0.8989547038327527
4782,282,4,5,0.033504221588373184,0.9969162995594714,2.5383095741271973,0.8989547038327527
4783,283,4,5,0.03310089930891991,0.9969162995594714,2.5384371280670166,0.8989547038327527
4784,284,4,5,0.03269340097904205,0.9969162995594714,2.5399727821350098,0.8989547038327527
4785,285,4,5,0.03228558599948883,0.9969162995594714,2.541011095046997,0.8989547038327527
4786,286,4,5,0.0318928137421608,0.9969162995594714,2.541534662246704,0.8989547038327527
4787,287,4,5,0.031506843864917755,0.9977973568281938,2.543806791305542,0.8989547038327527
4788,288,4,5,0.031116751953959465,0.9977973568281938,2.5443975925445557,0.8989547038327527
4789,289,4,5,0.03073081001639366,0.9982378854625551,2.5450189113616943,0.8989547038327527
4790,290,4,5,0.030355630442500114,0.9982378854625551,2.5466513633728027,0.8989547038327527
4791,291,4,5,0.029987193644046783,0.9982378854625551,2.5478994846343994,0.8989547038327527
4792,292,4,5,0.029615946114063263,0.9982378854625551,2.5498769283294678,0.8989547038327527
4793,293,4,5,0.029249411076307297,0.9982378854625551,2.5502426624298096,0.8989547038327527
4794,294,4,5,0.028887879103422165,0.9982378854625551,2.549603223800659,0.8989547038327527
4795,295,4,5,0.02853594347834587,0.9982378854625551,2.552605152130127,0.8989547038327527
4796,296,4,5,0.028182120993733406,0.9982378854625551,2.5531158447265625,0.8989547038327527
4797,297,4,5,0.027835506945848465,0.9982378854625551,2.553304433822632,0.8989547038327527
4798,298,4,5,0.027491474524140358,0.9982378854625551,2.5541276931762695,0.8989547038327527
4799,299,4,5,0.027156159281730652,0.9982378854625551,2.5548529624938965,0.8989547038327527
4800,300,4,5,0.026820825412869453,0.9982378854625551,2.554248809814453,0.8989547038327527
4801,301,4,5,0.026493854820728302,0.9982378854625551,2.5554864406585693,0.8989547038327527
4802,302,4,5,0.026170995086431503,0.9982378854625551,2.5555686950683594,0.8989547038327527
4803,303,4,5,0.02584943361580372,0.9982378854625551,2.557387113571167,0.8989547038327527
4804,304,4,5,0.02553556300699711,0.9982378854625551,2.5588274002075195,0.8989547038327527
4805,305,4,5,0.025222156196832657,0.9982378854625551,2.559706926345825,0.8972125435540069
4806,306,4,5,0.024913720786571503,0.9982378854625551,2.559046506881714,0.8972125435540069
4807,307,4,5,0.024609403684735298,0.9982378854625551,2.559809923171997,0.8972125435540069
4808,308,4,5,0.02430921606719494,0.9982378854625551,2.562387704849243,0.8972125435540069
4809,309,4,5,0.024012770503759384,0.9982378854625551,2.5628881454467773,0.8972125435540069
4810,310,4,5,0.023721713572740555,0.9982378854625551,2.5638010501861572,0.8972125435540069
4811,311,4,5,0.023432062938809395,0.9982378854625551,2.565416097640991,0.8972125435540069
4812,312,4,5,0.02314644306898117,0.9982378854625551,2.566450357437134,0.8972125435540069
4813,313,4,5,0.022865071892738342,0.9982378854625551,2.5665371417999268,0.8972125435540069
4814,314,4,5,0.02258501760661602,0.9982378854625551,2.567164897918701,0.8972125435540069
4815,315,4,5,0.022311143577098846,0.9982378854625551,2.5678834915161133,0.8972125435540069
4816,316,4,5,0.022041821852326393,0.9982378854625551,2.5687053203582764,0.8972125435540069
4817,317,4,5,0.021774355322122574,0.9982378854625551,2.570146083831787,0.8972125435540069
4818,318,4,5,0.021510448306798935,0.9982378854625551,2.571488618850708,0.8972125435540069
4819,319,4,5,0.02124820463359356,0.9986784140969163,2.572575092315674,0.8972125435540069
4820,320,4,5,0.020989838987588882,0.9986784140969163,2.5727860927581787,0.8972125435540069
4821,321,4,5,0.020734025165438652,0.9986784140969163,2.5731124877929688,0.8972125435540069
4822,322,4,5,0.02048163115978241,0.9986784140969163,2.574821949005127,0.8972125435540069
4823,323,4,5,0.020232008770108223,0.9991189427312775,2.5753438472747803,0.8972125435540069
4824,324,4,5,0.019986946135759354,0.9991189427312775,2.576228141784668,0.8972125435540069
4825,325,4,5,0.019741900265216827,0.9991189427312775,2.576450824737549,0.8972125435540069
4826,326,4,5,0.01950070448219776,0.9991189427312775,2.576707124710083,0.8972125435540069
4827,327,4,5,0.019263453781604767,0.9991189427312775,2.578443765640259,0.8972125435540069
4828,328,4,5,0.01902940310537815,0.9991189427312775,2.5784897804260254,0.8972125435540069
4829,329,4,5,0.01879887655377388,0.9991189427312775,2.5802230834960938,0.8972125435540069
4830,330,4,5,0.018572188913822174,0.9991189427312775,2.579315185546875,0.8972125435540069
4831,331,4,5,0.018346890807151794,0.9991189427312775,2.5801475048065186,0.8972125435540069
4832,332,4,5,0.01812315732240677,0.9991189427312775,2.5800228118896484,0.8972125435540069
4833,333,4,5,0.01790316216647625,0.9991189427312775,2.5805604457855225,0.8972125435540069
4834,334,4,5,0.017687784507870674,0.9991189427312775,2.5817084312438965,0.8972125435540069
4835,335,4,5,0.017475882545113564,0.9991189427312775,2.5808446407318115,0.8972125435540069
4836,336,4,5,0.01726551540195942,0.9991189427312775,2.582522392272949,0.8972125435540069
4837,337,4,5,0.01705525442957878,0.9991189427312775,2.582660675048828,0.8972125435540069
4838,338,4,5,0.016849953681230545,0.9991189427312775,2.583437919616699,0.8972125435540069
4839,339,4,5,0.016645362600684166,0.9991189427312775,2.5841286182403564,0.8972125435540069
4840,340,4,5,0.016443973407149315,0.9991189427312775,2.5850982666015625,0.8972125435540069
4841,341,4,5,0.016244342550635338,0.9991189427312775,2.5839738845825195,0.8972125435540069
4842,342,4,5,0.016049936413764954,0.9991189427312775,2.5856287479400635,0.8954703832752613
4843,343,4,5,0.01585530675947666,0.9991189427312775,2.585679531097412,0.8989547038327527
4844,344,4,5,0.015661513432860374,0.9991189427312775,2.5864710807800293,0.8989547038327527
4845,345,4,5,0.015474793501198292,0.9991189427312775,2.5859272480010986,0.8972125435540069
4846,346,4,5,0.015291044488549232,0.9991189427312775,2.588454484939575,0.8972125435540069
4847,347,4,5,0.015106200240552425,0.9991189427312775,2.587474822998047,0.8989547038327527
4848,348,4,5,0.014923030510544777,0.9991189427312775,2.589423179626465,0.8972125435540069
4849,349,4,5,0.014737754128873348,0.9991189427312775,2.587968587875366,0.8972125435540069
4850,350,4,5,0.014557285234332085,0.9991189427312775,2.5892038345336914,0.8972125435540069
4851,351,4,5,0.014380289241671562,0.9991189427312775,2.5906522274017334,0.8972125435540069
4852,352,4,5,0.014205782674252987,0.9991189427312775,2.590203285217285,0.8972125435540069
4853,353,4,5,0.014035917818546295,0.9991189427312775,2.5920541286468506,0.8972125435540069
4854,354,4,5,0.013866130262613297,0.9991189427312775,2.591494560241699,0.8972125435540069
4855,355,4,5,0.013697575777769089,0.9991189427312775,2.5916295051574707,0.8972125435540069
4856,356,4,5,0.013531681150197983,0.9991189427312775,2.592597484588623,0.8972125435540069
4857,357,4,5,0.013367380946874619,0.9991189427312775,2.595102548599243,0.8972125435540069
4858,358,4,5,0.013205792754888535,0.9991189427312775,2.593702793121338,0.8972125435540069
4859,359,4,5,0.01304521132260561,0.9991189427312775,2.595168352127075,0.8972125435540069
4860,360,4,5,0.012887057848274708,0.9991189427312775,2.596743106842041,0.8972125435540069
4861,361,4,5,0.012730860151350498,0.9991189427312775,2.5958359241485596,0.8972125435540069
4862,362,4,5,0.012578406371176243,0.9991189427312775,2.5982441902160645,0.8972125435540069
4863,363,4,5,0.01242741197347641,0.9991189427312775,2.5970020294189453,0.8937282229965157
4864,364,4,5,0.012277603149414062,0.9991189427312775,2.5988662242889404,0.8954703832752613
4865,365,4,5,0.012130859307944775,0.9991189427312775,2.5990731716156006,0.8937282229965157
4866,366,4,5,0.011987876147031784,0.9991189427312775,2.60101318359375,0.8954703832752613
4867,367,4,5,0.011843040585517883,0.9991189427312775,2.598727226257324,0.8937282229965157
4868,368,4,5,0.011697923764586449,0.9991189427312775,2.6022276878356934,0.8937282229965157
4869,369,4,5,0.011553565971553326,0.9991189427312775,2.6005120277404785,0.8937282229965157
4870,370,4,5,0.011411783285439014,0.9991189427312775,2.6030781269073486,0.8937282229965157
4871,371,4,5,0.011271461844444275,0.9991189427312775,2.6027815341949463,0.8937282229965157
4872,372,4,5,0.011135106906294823,0.9991189427312775,2.602842330932617,0.8937282229965157
4873,373,4,5,0.010999158024787903,0.9991189427312775,2.6043431758880615,0.8937282229965157
4874,374,4,5,0.010869433172047138,0.9991189427312775,2.6021413803100586,0.8937282229965157
4875,375,4,5,0.010737062431871891,0.9991189427312775,2.604992389678955,0.8937282229965157
4876,376,4,5,0.010607553645968437,0.9991189427312775,2.6046037673950195,0.8937282229965157
4877,377,4,5,0.010479106567800045,0.9991189427312775,2.606632709503174,0.8937282229965157
4878,378,4,5,0.010352128185331821,0.9991189427312775,2.6064445972442627,0.8937282229965157
4879,379,4,5,0.0102247204631567,0.9991189427312775,2.6066782474517822,0.8937282229965157
4880,380,4,5,0.010100195184350014,0.9991189427312775,2.605609178543091,0.8937282229965157
4881,381,4,5,0.009975695051252842,0.9991189427312775,2.608443260192871,0.8937282229965157
4882,382,4,5,0.00985392089933157,0.9991189427312775,2.6077938079833984,0.8937282229965157
4883,383,4,5,0.00973388459533453,0.9991189427312775,2.608104705810547,0.8937282229965157
4884,384,4,5,0.009616109542548656,0.9991189427312775,2.609868049621582,0.8937282229965157
4885,385,4,5,0.009500895626842976,0.9991189427312775,2.609461784362793,0.8937282229965157
4886,386,4,5,0.00938905868679285,0.9995594713656387,2.6096811294555664,0.8937282229965157
4887,387,4,5,0.009282341226935387,0.9995594713656387,2.6120104789733887,0.8937282229965157
4888,388,4,5,0.009180113673210144,0.9995594713656387,2.6068968772888184,0.8937282229965157
4889,389,4,5,0.00908104982227087,0.9995594713656387,2.6147172451019287,0.8937282229965157
4890,390,4,5,0.008975851349532604,0.9995594713656387,2.6083779335021973,0.8937282229965157
4891,391,4,5,0.008862865157425404,0.9995594713656387,2.6145949363708496,0.8937282229965157
4892,392,4,5,0.008740942925214767,0.9995594713656387,2.6102280616760254,0.8937282229965157
4893,393,4,5,0.00862209778279066,0.9995594713656387,2.6127212047576904,0.8937282229965157
4894,394,4,5,0.008507116697728634,0.9995594713656387,2.613576889038086,0.8937282229965157
4895,395,4,5,0.00839990098029375,0.9995594713656387,2.6131515502929688,0.8937282229965157
4896,396,4,5,0.008296070620417595,0.9995594713656387,2.6136245727539062,0.8937282229965157
4897,397,4,5,0.008192862384021282,1.0,2.6132121086120605,0.89198606271777
4898,398,4,5,0.008092471398413181,1.0,2.613746404647827,0.89198606271777
4899,399,4,5,0.007994649931788445,1.0,2.615112066268921,0.8902439024390244
4900,400,4,5,0.007899262942373753,1.0,2.6154065132141113,0.8902439024390244
4901,401,4,5,0.007806509267538786,1.0,2.613006353378296,0.8902439024390244
4902,402,4,5,0.007718164008110762,1.0,2.6186275482177734,0.8902439024390244
4903,403,4,5,0.007635721005499363,1.0,2.6133806705474854,0.8902439024390244
4904,404,4,5,0.007562194485217333,1.0,2.6209189891815186,0.8902439024390244
4905,405,4,5,0.007479557301849127,1.0,2.613492488861084,0.8902439024390244
4906,406,4,5,0.007391999941319227,1.0,2.61932110786438,0.8902439024390244
4907,407,4,5,0.007290866691619158,1.0,2.6159143447875977,0.8902439024390244
4908,408,4,5,0.007187626790255308,1.0,2.6198925971984863,0.8885017421602788
4909,409,4,5,0.007081055082380772,1.0,2.6172871589660645,0.8885017421602788
4910,410,4,5,0.006984425242990255,1.0,2.6196112632751465,0.8885017421602788
4911,411,4,5,0.006896310485899448,1.0,2.619513988494873,0.8885017421602788
4912,412,4,5,0.006814565043896437,1.0,2.619227647781372,0.8885017421602788
4913,413,4,5,0.006736225914210081,1.0,2.621514320373535,0.8885017421602788
4914,414,4,5,0.006658692378550768,1.0,2.6177127361297607,0.8885017421602788
4915,415,4,5,0.00658731022849679,1.0,2.625028610229492,0.8885017421602788
4916,416,4,5,0.0065198359079658985,1.0,2.6185741424560547,0.8902439024390244
4917,417,4,5,0.00645055528730154,1.0,2.6258912086486816,0.8885017421602788
4918,418,4,5,0.006379254627972841,1.0,2.6191961765289307,0.8902439024390244
4919,419,4,5,0.006302857771515846,1.0,2.625734806060791,0.8885017421602788
4920,420,4,5,0.006218720227479935,1.0,2.620981216430664,0.8885017421602788
4921,421,4,5,0.006131495349109173,1.0,2.6264588832855225,0.8885017421602788
4922,422,4,5,0.006041112821549177,1.0,2.622429370880127,0.8885017421602788
4923,423,4,5,0.005956342443823814,1.0,2.6259829998016357,0.8885017421602788
4924,424,4,5,0.005875473376363516,1.0,2.624480724334717,0.8885017421602788
4925,425,4,5,0.005799477454274893,1.0,2.6254801750183105,0.8885017421602788
4926,426,4,5,0.005727148614823818,1.0,2.625659704208374,0.8885017421602788
4927,427,4,5,0.005657694768160582,1.0,2.625373363494873,0.8885017421602788
4928,428,4,5,0.005591814871877432,1.0,2.628575325012207,0.8867595818815331
4929,429,4,5,0.005532965064048767,1.0,2.62449049949646,0.8885017421602788
4930,430,4,5,0.00548311835154891,1.0,2.6304752826690674,0.8867595818815331
4931,431,4,5,0.005443140864372253,1.0,2.623781442642212,0.8885017421602788
4932,432,4,5,0.005411946214735508,1.0,2.6331377029418945,0.8867595818815331
4933,433,4,5,0.00537750031799078,1.0,2.623039960861206,0.8885017421602788
4934,434,4,5,0.0053308806382119656,1.0,2.6354269981384277,0.8867595818815331
4935,435,4,5,0.005257135257124901,1.0,2.6237916946411133,0.8885017421602788
4936,436,4,5,0.005161990877240896,1.0,2.633939027786255,0.8867595818815331
4937,437,4,5,0.00505392299965024,1.0,2.627087354660034,0.8867595818815331
4938,438,4,5,0.004959937650710344,1.0,2.6312928199768066,0.8867595818815331
4939,439,4,5,0.004882318899035454,1.0,2.631462812423706,0.8867595818815331
4940,440,4,5,0.004823841154575348,1.0,2.628549337387085,0.8867595818815331
4941,441,4,5,0.004780083429068327,1.0,2.635556697845459,0.8867595818815331
4942,442,4,5,0.004748892970383167,1.0,2.626146078109741,0.8867595818815331
4943,443,4,5,0.004724383354187012,1.0,2.6366631984710693,0.8867595818815331
4944,444,4,5,0.004700299818068743,1.0,2.626614570617676,0.8867595818815331
4945,445,4,5,0.004669820424169302,1.0,2.6375763416290283,0.8867595818815331
4946,446,4,5,0.0046216449700295925,1.0,2.6279172897338867,0.8867595818815331
4947,447,4,5,0.004554519429802895,1.0,2.638009548187256,0.8867595818815331
4948,448,4,5,0.004473039414733648,1.0,2.628227949142456,0.8867595818815331
4949,449,4,5,0.004386840853840113,1.0,2.637967348098755,0.8867595818815331
4950,450,4,5,0.004300517961382866,1.0,2.6315977573394775,0.8867595818815331
4951,451,4,5,0.004227460362017155,1.0,2.6356239318847656,0.8867595818815331
4952,452,4,5,0.004163842648267746,1.0,2.6349785327911377,0.8867595818815331
4953,453,4,5,0.004112628288567066,1.0,2.6332879066467285,0.8867595818815331
4954,454,4,5,0.004071044735610485,1.0,2.638336658477783,0.8867595818815331
4955,455,4,5,0.004035830032080412,1.0,2.631106376647949,0.8867595818815331
4956,456,4,5,0.004007422830909491,1.0,2.6410155296325684,0.8867595818815331
4957,457,4,5,0.00398666225373745,1.0,2.63044810295105,0.8867595818815331
4958,458,4,5,0.003974384628236294,1.0,2.6425886154174805,0.8867595818815331
4959,459,4,5,0.0039676763117313385,1.0,2.6317813396453857,0.8867595818815331
4960,460,4,5,0.003958142828196287,1.0,2.644092082977295,0.8867595818815331
4961,461,4,5,0.003929803613573313,1.0,2.6315114498138428,0.8867595818815331
4962,462,4,5,0.0038942142855376005,1.0,2.646413564682007,0.8867595818815331
4963,463,4,5,0.0038325537461787462,1.0,2.6311862468719482,0.8867595818815331
4964,464,4,5,0.00376319931820035,1.0,2.6465346813201904,0.8867595818815331
4965,465,4,5,0.0036746878176927567,1.0,2.634631633758545,0.8867595818815331
4966,466,4,5,0.0035892785526812077,1.0,2.643977642059326,0.8867595818815331
4967,467,4,5,0.0035065615084022284,1.0,2.6380608081817627,0.8867595818815331
4968,468,4,5,0.0034366389736533165,1.0,2.6401569843292236,0.8867595818815331
4969,469,4,5,0.0033839577808976173,1.0,2.641951560974121,0.8867595818815331
4970,470,4,5,0.0033452147617936134,1.0,2.6380105018615723,0.8867595818815331
4971,471,4,5,0.0033177081495523453,1.0,2.645073652267456,0.8867595818815331
4972,472,4,5,0.003298155963420868,1.0,2.6377079486846924,0.8867595818815331
4973,473,4,5,0.003286921652033925,1.0,2.646782159805298,0.8867595818815331
4974,474,4,5,0.0032796647865325212,1.0,2.6370346546173096,0.8867595818815331
4975,475,4,5,0.003283183090388775,1.0,2.648750066757202,0.8850174216027874
4976,476,4,5,0.003284021047875285,1.0,2.6354825496673584,0.8867595818815331
4977,477,4,5,0.0032890792936086655,1.0,2.652055025100708,0.8850174216027874
4978,478,4,5,0.003280413104221225,1.0,2.634537696838379,0.8867595818815331
4979,479,4,5,0.003262482350692153,1.0,2.653078079223633,0.8850174216027874
4980,480,4,5,0.0032134021166712046,1.0,2.635237455368042,0.8867595818815331
4981,481,4,5,0.0031489769462496042,1.0,2.651932954788208,0.8850174216027874
4982,482,4,5,0.003055879380553961,1.0,2.6395931243896484,0.8867595818815331
4983,483,4,5,0.002963244216516614,1.0,2.649279832839966,0.8850174216027874
4984,484,4,5,0.0028779618442058563,1.0,2.6425559520721436,0.8867595818815331
4985,485,4,5,0.0028088069520890713,1.0,2.6454005241394043,0.8867595818815331
4986,486,4,5,0.0027598629239946604,1.0,2.646770715713501,0.8867595818815331
4987,487,4,5,0.0027303106617182493,1.0,2.643684148788452,0.8867595818815331
4988,488,4,5,0.0027145666535943747,1.0,2.6506614685058594,0.8867595818815331
4989,489,4,5,0.0027120516169816256,1.0,2.6418092250823975,0.8867595818815331
4990,490,4,5,0.0027234377339482307,1.0,2.6533610820770264,0.8850174216027874
4991,491,4,5,0.0027392504271119833,1.0,2.6402440071105957,0.8867595818815331
4992,492,4,5,0.002762695075944066,1.0,2.656386137008667,0.8850174216027874
4993,493,4,5,0.0027791073080152273,1.0,2.639183282852173,0.8867595818815331
4994,494,4,5,0.002794093918055296,1.0,2.65889310836792,0.8850174216027874
4995,495,4,5,0.0027866587042808533,1.0,2.6386220455169678,0.8867595818815331
4996,496,4,5,0.002757156500592828,1.0,2.659850597381592,0.8850174216027874
4997,497,4,5,0.0026920191012322903,1.0,2.6412246227264404,0.8867595818815331
4998,498,4,5,0.0026109819300472736,1.0,2.656658887863159,0.8850174216027874
4999,499,4,5,0.002509776270017028,1.0,2.6448981761932373,0.8867595818815331
5000,500,4,5,0.0024122383911162615,1.0,2.6525678634643555,0.8850174216027874
5001,501,4,5,0.0023354110307991505,1.0,2.649211883544922,0.8867595818815331
5002,502,4,5,0.0022845545317977667,1.0,2.6497116088867188,0.8867595818815331
5003,503,4,5,0.002258364111185074,1.0,2.6535394191741943,0.8850174216027874
5004,504,4,5,0.0022507316898554564,1.0,2.64680814743042,0.8867595818815331
5005,505,4,5,0.00225757691077888,1.0,2.6581387519836426,0.8850174216027874
5006,506,4,5,0.0022763346787542105,1.0,2.644908905029297,0.8867595818815331
5007,507,4,5,0.0023016659542918205,1.0,2.6612305641174316,0.8850174216027874
5008,508,4,5,0.002324494533240795,1.0,2.6432931423187256,0.8867595818815331
5009,509,4,5,0.00234556314535439,1.0,2.6620867252349854,0.8850174216027874
5010,510,4,5,0.0023559792898595333,1.0,2.643139123916626,0.8867595818815331
5011,511,4,5,0.0023570042103528976,1.0,2.663875102996826,0.8850174216027874
5012,512,4,5,0.002331744646653533,1.0,2.6438181400299072,0.8867595818815331
5013,513,4,5,0.00228817667812109,1.0,2.6630804538726807,0.8850174216027874
5014,514,4,5,0.0022175596095621586,1.0,2.646214485168457,0.8867595818815331
5015,515,4,5,0.0021291349548846483,1.0,2.6602768898010254,0.8850174216027874
5016,516,4,5,0.0020384076051414013,1.0,2.650400161743164,0.8867595818815331
5017,517,4,5,0.0019582679960876703,1.0,2.655658721923828,0.8850174216027874
5018,518,4,5,0.0019011050462722778,1.0,2.6544198989868164,0.8850174216027874
5019,519,4,5,0.001868479885160923,1.0,2.6527326107025146,0.8850174216027874
5020,520,4,5,0.0018558412557467818,1.0,2.6590304374694824,0.8850174216027874
5021,521,4,5,0.0018577213631942868,1.0,2.6507315635681152,0.8867595818815331
5022,522,4,5,0.0018681393703445792,1.0,2.662480592727661,0.8850174216027874
5023,523,4,5,0.00188282725866884,1.0,2.649406671524048,0.8867595818815331
5024,524,4,5,0.0018993522971868515,1.0,2.6646995544433594,0.8850174216027874
5025,525,4,5,0.0019135682377964258,1.0,2.6486902236938477,0.8867595818815331
5026,526,4,5,0.00192304200027138,1.0,2.665700912475586,0.8850174216027874
5027,527,4,5,0.0019273237558081746,1.0,2.6485705375671387,0.8867595818815331
5028,528,4,5,0.0019248730968683958,1.0,2.6663289070129395,0.8850174216027874
5029,529,4,5,0.0019125407561659813,1.0,2.649125576019287,0.8867595818815331
5030,530,4,5,0.001886824145913124,1.0,2.6656758785247803,0.8850174216027874
5031,531,4,5,0.001849071471951902,1.0,2.6501073837280273,0.8867595818815331
5032,532,4,5,0.0017984703881666064,1.0,2.6651663780212402,0.8850174216027874
5033,533,4,5,0.0017343354411423206,1.0,2.6521482467651367,0.8867595818815331
5034,534,4,5,0.0016673528589308262,1.0,2.6638362407684326,0.8850174216027874
5035,535,4,5,0.001606475911103189,1.0,2.65505051612854,0.8850174216027874
5036,536,4,5,0.0015573566779494286,1.0,2.661088466644287,0.8850174216027874
5037,537,4,5,0.0015222576912492514,1.0,2.6582791805267334,0.8850174216027874
5038,538,4,5,0.0015018758131191134,1.0,2.658536195755005,0.8850174216027874
5039,539,4,5,0.0014930183533579111,1.0,2.6622090339660645,0.8850174216027874
5040,540,4,5,0.0014937564264982939,1.0,2.6556284427642822,0.8867595818815331
5041,541,4,5,0.0015013017691671848,1.0,2.665602445602417,0.8850174216027874
5042,542,4,5,0.0015182255301624537,1.0,2.6527721881866455,0.8867595818815331
5043,543,4,5,0.0015418939292430878,1.0,2.6686713695526123,0.8850174216027874
5044,544,4,5,0.0015756064094603062,1.0,2.650639057159424,0.8867595818815331
5045,545,4,5,0.0016214506467804313,1.0,2.6712265014648438,0.8850174216027874
5046,546,4,5,0.0016810816014185548,1.0,2.6480250358581543,0.8867595818815331
5047,547,4,5,0.0017570701893419027,1.0,2.6743457317352295,0.8850174216027874
5048,548,4,5,0.001837823074311018,1.0,2.647369146347046,0.8867595818815331
5049,549,4,5,0.0019031921401619911,1.0,2.6766390800476074,0.8850174216027874
5050,550,4,5,0.0019402344478294253,1.0,2.6483845710754395,0.8867595818815331
5051,551,4,5,0.0019104646053165197,1.0,2.6747214794158936,0.8850174216027874
5052,552,4,5,0.0018141213804483414,1.0,2.651564598083496,0.8867595818815331
5053,553,4,5,0.001648510224185884,1.0,2.6700961589813232,0.8850174216027874
5054,554,4,5,0.0014613913372159004,1.0,2.657691478729248,0.8850174216027874
5055,555,4,5,0.001304979668930173,1.0,2.663252830505371,0.8850174216027874
5056,556,4,5,0.0012280724477022886,1.0,2.664445638656616,0.8850174216027874
5057,557,4,5,0.0012388034956529737,1.0,2.6575281620025635,0.8850174216027874
5058,558,4,5,0.0013013974530622363,1.0,2.669490337371826,0.8850174216027874
5059,559,4,5,0.0013730853097513318,1.0,2.654109001159668,0.8867595818815331
5060,560,4,5,0.0014198061544448137,1.0,2.6716127395629883,0.8850174216027874
5061,561,4,5,0.0014232799876481295,1.0,2.653325319290161,0.8867595818815331
5062,562,4,5,0.001379715045914054,1.0,2.670929431915283,0.8850174216027874
5063,563,4,5,0.001301156124100089,1.0,2.6558291912078857,0.8850174216027874
5064,564,4,5,0.0012115619610995054,1.0,2.6674883365631104,0.8850174216027874
5065,565,4,5,0.0011391459265723825,1.0,2.6606063842773438,0.8850174216027874
5066,566,4,5,0.001098698703572154,1.0,2.662755250930786,0.8850174216027874
5067,567,4,5,0.0010904561495408416,1.0,2.665757417678833,0.8850174216027874
5068,568,4,5,0.0011050535831600428,1.0,2.6590709686279297,0.8850174216027874
5069,569,4,5,0.0011304826475679874,1.0,2.6699893474578857,0.8850174216027874
5070,570,4,5,0.0011532133212313056,1.0,2.6567182540893555,0.8850174216027874
5071,571,4,5,0.0011673261178657413,1.0,2.6725914478302,0.8850174216027874
5072,572,4,5,0.0011706934310495853,1.0,2.656144618988037,0.8850174216027874
5073,573,4,5,0.0011601934675127268,1.0,2.6734087467193604,0.8850174216027874
5074,574,4,5,0.0011398319620639086,1.0,2.6574106216430664,0.8850174216027874
5075,575,4,5,0.0011080941185355186,1.0,2.6718575954437256,0.8850174216027874
5076,576,4,5,0.0010718423873186111,1.0,2.6598129272460938,0.8850174216027874
5077,577,4,5,0.0010335053084418178,1.0,2.6699674129486084,0.8850174216027874
5078,578,4,5,0.0009966420475393534,1.0,2.662559747695923,0.8850174216027874
5079,579,4,5,0.0009660728392191231,1.0,2.6673831939697266,0.8850174216027874
5080,580,4,5,0.0009423494921065867,1.0,2.6645946502685547,0.8850174216027874
5081,581,4,5,0.0009258679347112775,1.0,2.6648213863372803,0.8850174216027874
5082,582,4,5,0.0009151710546575487,1.0,2.6669352054595947,0.8850174216027874
5083,583,4,5,0.0009091425454244018,1.0,2.6632003784179688,0.8850174216027874
5084,584,4,5,0.0009073809487745166,1.0,2.6688780784606934,0.8850174216027874
5085,585,4,5,0.000910858390852809,1.0,2.6615540981292725,0.8850174216027874
5086,586,4,5,0.0009210023563355207,1.0,2.671043634414673,0.8850174216027874
5087,587,4,5,0.0009402901632711291,1.0,2.6595044136047363,0.8850174216027874
5088,588,4,5,0.0009722704999148846,1.0,2.6739726066589355,0.8850174216027874
5089,589,4,5,0.0010221665725111961,1.0,2.6565937995910645,0.8850174216027874
5090,590,4,5,0.0010917829349637032,1.0,2.6777360439300537,0.8850174216027874
5091,591,4,5,0.001189095084555447,1.0,2.653700351715088,0.8867595818815331
5092,592,4,5,0.0013078126357868314,1.0,2.6818459033966064,0.8850174216027874
5093,593,4,5,0.0014593482483178377,1.0,2.650482654571533,0.8867595818815331
5094,594,4,5,0.0015968338120728731,1.0,2.6852550506591797,0.8850174216027874
5095,595,4,5,0.0017197774723172188,1.0,2.6498985290527344,0.8867595818815331
5096,596,4,5,0.0017341572092846036,1.0,2.6846821308135986,0.8850174216027874
5097,597,4,5,0.0016312559600919485,1.0,2.653933048248291,0.8867595818815331
5098,598,4,5,0.0013808790827170014,1.0,2.6767079830169678,0.8850174216027874
5099,599,4,5,0.0010842508636415005,1.0,2.662588357925415,0.8850174216027874
5100,600,4,5,0.0008425264386460185,1.0,2.665933609008789,0.8850174216027874
5101,601,4,5,0.0007521401275880635,1.0,2.6716270446777344,0.8850174216027874
5102,602,4,5,0.0008164327591657639,1.0,2.6575820446014404,0.8850174216027874
5103,603,4,5,0.0009575753356330097,1.0,2.677111864089966,0.8850174216027874
5104,604,4,5,0.0010803418699651957,1.0,2.654545783996582,0.8867595818815331
5105,605,4,5,0.0011196540435776114,1.0,2.677466630935669,0.8850174216027874
5106,606,4,5,0.0010640720138326287,1.0,2.6572723388671875,0.8850174216027874
5107,607,4,5,0.0009317595395259559,1.0,2.6721251010894775,0.8850174216027874
5108,608,4,5,0.0007888591499067843,1.0,2.6648995876312256,0.8850174216027874
5109,609,4,5,0.0006985052023082972,1.0,2.664785146713257,0.8850174216027874
5110,610,4,5,0.0006880635628476739,1.0,2.671901226043701,0.8850174216027874
5111,611,4,5,0.0007374369306489825,1.0,2.6599082946777344,0.8850174216027874
5112,612,4,5,0.0008035306818783283,1.0,2.6751506328582764,0.8850174216027874
5113,613,4,5,0.00084833730943501,1.0,2.6588871479034424,0.8850174216027874
5114,614,4,5,0.0008500334224663675,1.0,2.674823045730591,0.8850174216027874
5115,615,4,5,0.000809044053312391,1.0,2.6610617637634277,0.8850174216027874
5116,616,4,5,0.0007435139268636703,1.0,2.6714320182800293,0.8850174216027874
5117,617,4,5,0.0006763376295566559,1.0,2.6657443046569824,0.8850174216027874
5118,618,4,5,0.0006311348406597972,1.0,2.6670010089874268,0.8850174216027874
5119,619,4,5,0.0006162784993648529,1.0,2.670654773712158,0.8850174216027874
5120,620,4,5,0.0006269833538681269,1.0,2.663172721862793,0.8850174216027874
5121,621,4,5,0.0006515072309412062,1.0,2.6738851070404053,0.8867595818815331
5122,622,4,5,0.0006770805339328945,1.0,2.661207437515259,0.8850174216027874
5123,623,4,5,0.0006928229122422636,1.0,2.6748697757720947,0.8867595818815331
5124,624,4,5,0.0006936402060091496,1.0,2.661484718322754,0.8850174216027874
5125,625,4,5,0.0006797339301556349,1.0,2.6744728088378906,0.8850174216027874
5126,626,4,5,0.0006549693644046783,1.0,2.663100242614746,0.8850174216027874
5127,627,4,5,0.000625087006483227,1.0,2.673218011856079,0.8867595818815331
5128,628,4,5,0.0005951146595180035,1.0,2.665300130844116,0.8850174216027874
5129,629,4,5,0.0005702223861590028,1.0,2.6712698936462402,0.8867595818815331
5130,630,4,5,0.0005521138664335012,1.0,2.6676034927368164,0.8850174216027874
5131,631,4,5,0.0005416184430941939,1.0,2.669264078140259,0.8867595818815331
5132,632,4,5,0.0005377166089601815,1.0,2.669280529022217,0.8867595818815331
5133,633,4,5,0.0005388183635659516,1.0,2.667900323867798,0.8850174216027874
5134,634,4,5,0.000544017821084708,1.0,2.670360803604126,0.8867595818815331
5135,635,4,5,0.0005531858187168837,1.0,2.66790771484375,0.8867595818815331
5136,636,4,5,0.0005664735217578709,1.0,2.670924186706543,0.8867595818815331
5137,637,4,5,0.0005843719118274748,1.0,2.668325901031494,0.8867595818815331
5138,638,4,5,0.0006086718058213592,1.0,2.67077374458313,0.8867595818815331
5139,639,4,5,0.0006405259482562542,1.0,2.6687753200531006,0.8867595818815331
5140,640,4,5,0.0006823297590017319,1.0,2.6699509620666504,0.8867595818815331
5141,641,4,5,0.0007365524070337415,1.0,2.669220447540283,0.8867595818815331
5142,642,4,5,0.0008023255504667759,1.0,2.6688406467437744,0.8867595818815331
5143,643,4,5,0.0008833800675347447,1.0,2.6704814434051514,0.8885017421602788
5144,644,4,5,0.0009652992011979222,1.0,2.668131113052368,0.8867595818815331
5145,645,4,5,0.0010478929616510868,1.0,2.6717588901519775,0.8885017421602788
5146,646,4,5,0.0010981818195432425,1.0,2.6682660579681396,0.8867595818815331
5147,647,4,5,0.001111089251935482,1.0,2.671067476272583,0.8885017421602788
5148,648,4,5,0.0010499629424884915,1.0,2.669584035873413,0.8867595818815331
5149,649,4,5,0.0009234237368218601,1.0,2.6683006286621094,0.8867595818815331
5150,650,4,5,0.0007545409607701004,1.0,2.6724772453308105,0.8867595818815331
5151,651,4,5,0.0005931688356213272,1.0,2.664602756500244,0.8867595818815331
5152,652,4,5,0.0004896937170997262,1.0,2.676309823989868,0.8867595818815331
5153,653,4,5,0.0004661325365304947,1.0,2.6612672805786133,0.8867595818815331
5154,654,4,5,0.0005100340349599719,1.0,2.6798553466796875,0.8867595818815331
5155,655,4,5,0.0005902632256038487,1.0,2.658574104309082,0.8867595818815331
5156,656,4,5,0.0006631572032347322,1.0,2.6811721324920654,0.8867595818815331
5157,657,4,5,0.0007032005814835429,1.0,2.657980442047119,0.8867595818815331
5158,658,4,5,0.0006880664150230587,1.0,2.680060625076294,0.8867595818815331
5159,659,4,5,0.0006312628975138068,1.0,2.660090684890747,0.8867595818815331
5160,660,4,5,0.0005465694121085107,1.0,2.6768298149108887,0.8867595818815331
5161,661,4,5,0.0004682477156165987,1.0,2.6636109352111816,0.8867595818815331
5162,662,4,5,0.00041772634722292423,1.0,2.6733691692352295,0.8867595818815331
5163,663,4,5,0.00040622404776513577,1.0,2.6675126552581787,0.8867595818815331
5164,664,4,5,0.00042811865569092333,1.0,2.671532154083252,0.8867595818815331
5165,665,4,5,0.0004688675398938358,1.0,2.669172525405884,0.8867595818815331
5166,666,4,5,0.0005130036151967943,1.0,2.672074556350708,0.8867595818815331
5167,667,4,5,0.0005497930687852204,1.0,2.667642593383789,0.8867595818815331
5168,668,4,5,0.0005736126331612468,1.0,2.6760408878326416,0.8867595818815331
5169,669,4,5,0.0005889020394533873,1.0,2.6626203060150146,0.8867595818815331
5170,670,4,5,0.0006055634003132582,1.0,2.6835036277770996,0.8867595818815331
5171,671,4,5,0.0006400293787010014,1.0,2.6546499729156494,0.8867595818815331
5172,672,4,5,0.0007095673936419189,1.0,2.694159746170044,0.8867595818815331
5173,673,4,5,0.0008295142324641347,1.0,2.644531726837158,0.8885017421602788
5174,674,4,5,0.0010102147934958339,1.0,2.7061712741851807,0.8850174216027874
5175,675,4,5,0.0012429264606907964,1.0,2.6345713138580322,0.8885017421602788
5176,676,4,5,0.0014901022659614682,1.0,2.714897394180298,0.8850174216027874
5177,677,4,5,0.0016761452425271273,1.0,2.6318280696868896,0.89198606271777
5178,678,4,5,0.0016842893091961741,1.0,2.7102394104003906,0.8850174216027874
5179,679,4,5,0.0014638234861195087,1.0,2.6445937156677246,0.8885017421602788
5180,680,4,5,0.0010574741754680872,1.0,2.6874735355377197,0.8867595818815331
5181,681,4,5,0.0006546106887981296,1.0,2.670367479324341,0.8867595818815331
5182,682,4,5,0.0004409916582517326,1.0,2.6588385105133057,0.8867595818815331
5183,683,4,5,0.0004758565337397158,1.0,2.6930971145629883,0.8867595818815331
5184,684,4,5,0.0006480607553385198,1.0,2.6439239978790283,0.8867595818815331
5185,685,4,5,0.0007793566328473389,1.0,2.6968531608581543,0.8867595818815331
5186,686,4,5,0.0007650986663065851,1.0,2.650106430053711,0.8867595818815331
5187,687,4,5,0.0006285696290433407,1.0,2.6817140579223633,0.8867595818815331
5188,688,4,5,0.0004776886780746281,1.0,2.6703941822052,0.8867595818815331
5189,689,4,5,0.0004128099826630205,1.0,2.6619699001312256,0.8867595818815331
5190,690,4,5,0.0004547804419416934,1.0,2.687337636947632,0.8867595818815331
5191,691,4,5,0.0005335241439752281,1.0,2.6525540351867676,0.8867595818815331
5192,692,4,5,0.0005588515778072178,1.0,2.6888368129730225,0.8867595818815331
5193,693,4,5,0.0004993231850676239,1.0,2.6589317321777344,0.8867595818815331
5194,694,4,5,0.00039120035944506526,1.0,2.67702579498291,0.8867595818815331
5195,695,4,5,0.00031106240930967033,1.0,2.672990560531616,0.8867595818815331
5196,696,4,5,0.0003037355490960181,1.0,2.6636617183685303,0.8867595818815331
5197,697,4,5,0.00035645911702886224,1.0,2.683384656906128,0.8867595818815331
5198,698,4,5,0.0004170516331214458,1.0,2.6590640544891357,0.8867595818815331
5199,699,4,5,0.00043529304093681276,1.0,2.68318772315979,0.8867595818815331
5200,700,4,5,0.0004020754713565111,1.0,2.6645126342773438,0.8867595818815331
5201,701,4,5,0.00034093522117473185,1.0,2.674476385116577,0.8867595818815331
5202,702,4,5,0.000292165030259639,1.0,2.675039291381836,0.8867595818815331
5203,703,4,5,0.00027926426264457405,1.0,2.665062189102173,0.8867595818815331
5204,704,4,5,0.0002973846276290715,1.0,2.68251371383667,0.8867595818815331
5205,705,4,5,0.00032241950975731015,1.0,2.6614205837249756,0.8867595818815331
5206,706,4,5,0.0003309851454105228,1.0,2.6826090812683105,0.8867595818815331
5207,707,4,5,0.0003156955062877387,1.0,2.665278434753418,0.8867595818815331
5208,708,4,5,0.00028562694205902517,1.0,2.676854133605957,0.8867595818815331
5209,709,4,5,0.0002580968721304089,1.0,2.6728949546813965,0.8867595818815331
5210,710,4,5,0.00024573082919232547,1.0,2.6697959899902344,0.8867595818815331
5211,711,4,5,0.00024976994609460235,1.0,2.6787304878234863,0.8867595818815331
5212,712,4,5,0.00026195598184131086,1.0,2.6656410694122314,0.8867595818815331
5213,713,4,5,0.00027161918114870787,1.0,2.6805219650268555,0.8867595818815331
5214,714,4,5,0.00027246284298598766,1.0,2.6661789417266846,0.8867595818815331
5215,715,4,5,0.00026406580582261086,1.0,2.678727149963379,0.8867595818815331
5216,716,4,5,0.00025123977684415877,1.0,2.6697216033935547,0.8867595818815331
5217,717,4,5,0.00024075053806882352,1.0,2.674893856048584,0.8867595818815331
5218,718,4,5,0.00023715774295851588,1.0,2.673614978790283,0.8867595818815331
5219,719,4,5,0.00024230789858847857,1.0,2.671765089035034,0.8867595818815331
5220,720,4,5,0.0002544482995290309,1.0,2.675906181335449,0.8867595818815331
5221,721,4,5,0.00027209101244807243,1.0,2.671135902404785,0.8867595818815331
5222,722,4,5,0.0002939239493571222,1.0,2.675327777862549,0.8867595818815331
5223,723,4,5,0.00032435738830827177,1.0,2.673532724380493,0.8867595818815331
5224,724,4,5,0.0003681735834106803,1.0,2.6720240116119385,0.8867595818815331
5225,725,4,5,0.0004383794730529189,1.0,2.6782243251800537,0.8867595818815331
5226,726,4,5,0.0005487845628522336,1.0,2.66664981842041,0.8885017421602788
5227,727,4,5,0.0007189650787040591,1.0,2.6846795082092285,0.8867595818815331
5228,728,4,5,0.0009929969673976302,1.0,2.660266160964966,0.8902439024390244
5229,729,4,5,0.001372547005303204,1.0,2.6920735836029053,0.8850174216027874
5230,730,4,5,0.0019110174616798759,1.0,2.655090570449829,0.8937282229965157
5231,731,4,5,0.002486565848812461,1.0,2.6975462436676025,0.8832752613240418
5232,732,4,5,0.0030770222656428814,1.0,2.6554949283599854,0.8937282229965157
5233,733,4,5,0.00320813967846334,1.0,2.693331003189087,0.8832752613240418
5234,734,4,5,0.0027438856195658445,1.0,2.6663222312927246,0.89198606271777
5235,735,4,5,0.0016101851360872388,1.0,2.6755213737487793,0.8867595818815331
5236,736,4,5,0.0005397122586145997,1.0,2.6834566593170166,0.8867595818815331
5237,737,4,5,0.0002701399789657444,1.0,2.6608219146728516,0.8885017421602788
5238,738,4,5,0.0007972231251187623,1.0,2.6897926330566406,0.8850174216027874
5239,739,4,5,0.0014072010526433587,1.0,2.6615073680877686,0.89198606271777
5240,740,4,5,0.0014174917014315724,1.0,2.678529739379883,0.8867595818815331
5241,741,4,5,0.0008697118610143661,1.0,2.673807144165039,0.8867595818815331
5242,742,4,5,0.0003172553551848978,1.0,2.661992073059082,0.8867595818815331
5243,743,4,5,0.0002881546097341925,1.0,2.6845180988311768,0.8850174216027874
5244,744,4,5,0.0006587425014004111,1.0,2.6576905250549316,0.8902439024390244
5245,745,4,5,0.000899466744158417,1.0,2.68275785446167,0.8867595818815331
5246,746,4,5,0.0007480325875803828,1.0,2.667693853378296,0.8867595818815331
5247,747,4,5,0.00037763535510748625,1.0,2.6696934700012207,0.8867595818815331
5248,748,4,5,0.00019924732623621821,1.0,2.6810672283172607,0.8867595818815331
5249,749,4,5,0.0003391380305401981,1.0,2.6586170196533203,0.8885017421602788
5250,750,4,5,0.000550227880012244,1.0,2.6842448711395264,0.8867595818815331
5251,751,4,5,0.0005619511939585209,1.0,2.6626358032226562,0.8867595818815331
5252,752,4,5,0.00036976597039029,1.0,2.6750025749206543,0.8867595818815331
5253,753,4,5,0.00019622828403953463,1.0,2.6767590045928955,0.8867595818815331
5254,754,4,5,0.00020533529459498823,1.0,2.66367244720459,0.8867595818815331
5255,755,4,5,0.0003353745269123465,1.0,2.6843698024749756,0.8867595818815331
5256,756,4,5,0.00040680222446098924,1.0,2.6629323959350586,0.8867595818815331
5257,757,4,5,0.00033895482192747295,1.0,2.678946018218994,0.8867595818815331
5258,758,4,5,0.00021597353043034673,1.0,2.6723060607910156,0.8867595818815331
5259,759,4,5,0.0001646207965677604,1.0,2.669393301010132,0.8867595818815331
5260,760,4,5,0.00021298893261700869,1.0,2.6802046298980713,0.8867595818815331
5261,761,4,5,0.00028065513470210135,1.0,2.666079521179199,0.8867595818815331
5262,762,4,5,0.0002857251965906471,1.0,2.678992748260498,0.8867595818815331
5263,763,4,5,0.00022611854365095496,1.0,2.670069456100464,0.8867595818815331
5264,764,4,5,0.00016657869855407625,1.0,2.6730713844299316,0.8867595818815331
5265,765,4,5,0.0001584927085787058,1.0,2.675687074661255,0.8867595818815331
5266,766,4,5,0.00019346296903677285,1.0,2.669679880142212,0.8867595818815331
5267,767,4,5,0.00022393863764591515,1.0,2.6772472858428955,0.8867595818815331
5268,768,4,5,0.00021662058134097606,1.0,2.670609712600708,0.8867595818815331
5269,769,4,5,0.00018027517944574356,1.0,2.6747689247131348,0.8867595818815331
5270,770,4,5,0.00014880584785714746,1.0,2.6739792823791504,0.8867595818815331
5271,771,4,5,0.0001456925383536145,1.0,2.6719870567321777,0.8867595818815331
5272,772,4,5,0.0001645815937081352,1.0,2.676417827606201,0.8867595818815331
5273,773,4,5,0.00018155058205593377,1.0,2.671293020248413,0.8867595818815331
5274,774,4,5,0.00017932475020643324,1.0,2.675832509994507,0.8867595818815331
5275,775,4,5,0.00016106176190078259,1.0,2.673168897628784,0.8867595818815331
5276,776,4,5,0.0001418186438968405,1.0,2.673311471939087,0.8867595818815331
5277,777,4,5,0.00013463592040352523,1.0,2.6761465072631836,0.8867595818815331
5278,778,4,5,0.00014066165022086352,1.0,2.671354055404663,0.8867595818815331
5279,779,4,5,0.0001506344269728288,1.0,2.6774866580963135,0.8867595818815331
5280,780,4,5,0.00015427108155563474,1.0,2.671558380126953,0.8867595818815331
5281,781,4,5,0.0001479343482060358,1.0,2.6760923862457275,0.8867595818815331
5282,782,4,5,0.000136663336888887,1.0,2.673858642578125,0.8867595818815331
5283,783,4,5,0.00012771307956427336,1.0,2.6740078926086426,0.8867595818815331
5284,784,4,5,0.00012524343037512153,1.0,2.6761951446533203,0.8867595818815331
5285,785,4,5,0.00012823949509765953,1.0,2.672454595565796,0.8867595818815331
5286,786,4,5,0.00013251035124994814,1.0,2.676820993423462,0.8867595818815331
5287,787,4,5,0.00013408606173470616,1.0,2.6723337173461914,0.8867595818815331
5288,788,4,5,0.00013151756138540804,1.0,2.676370143890381,0.8867595818815331
5289,789,4,5,0.00012625705858226866,1.0,2.673287868499756,0.8867595818815331
5290,790,4,5,0.0001206847227877006,1.0,2.6756789684295654,0.8867595818815331
5291,791,4,5,0.00011692730186041445,1.0,2.6745665073394775,0.8867595818815331
5292,792,4,5,0.00011593594535952434,1.0,2.674933671951294,0.8867595818815331
5293,793,4,5,0.00011691173131112009,1.0,2.6752517223358154,0.8867595818815331
5294,794,4,5,0.00011822872329503298,1.0,2.6745312213897705,0.8867595818815331
5295,795,4,5,0.00011858790821861476,1.0,2.675468683242798,0.8867595818815331
5296,796,4,5,0.00011760367488022894,1.0,2.6749374866485596,0.8867595818815331
5297,797,4,5,0.00011550103226909414,1.0,2.6752068996429443,0.8867595818815331
5298,798,4,5,0.00011284894571872428,1.0,2.675767183303833,0.8867595818815331
5299,799,4,5,0.00011035615898435935,1.0,2.67419171333313,0.8867595818815331
5300,800,4,5,0.00010843864583875984,1.0,2.6768460273742676,0.8867595818815331
5301,801,4,5,0.00010744440805865452,1.0,2.6729800701141357,0.8867595818815331
5302,802,4,5,0.00010746392217697576,1.0,2.67826771736145,0.8867595818815331
5303,803,4,5,0.00010846993245650083,1.0,2.6716370582580566,0.8867595818815331
5304,804,4,5,0.00011042141704820096,1.0,2.6798484325408936,0.8867595818815331
5305,805,4,5,0.0001133458863478154,1.0,2.6700994968414307,0.8867595818815331
5306,806,4,5,0.00011758743494283408,1.0,2.6818346977233887,0.8867595818815331
5307,807,4,5,0.00012372278433758765,1.0,2.667948007583618,0.8867595818815331
5308,808,4,5,0.00013275089440867305,1.0,2.684497833251953,0.8867595818815331
5309,809,4,5,0.000146812541061081,1.0,2.664778470993042,0.8867595818815331
5310,810,4,5,0.00016861654876265675,1.0,2.688493251800537,0.8867595818815331
5311,811,4,5,0.0002026136062340811,1.0,2.66009521484375,0.8867595818815331
5312,812,4,5,0.00025447245570831,1.0,2.6943554878234863,0.8867595818815331
5313,813,4,5,0.00033386904397048056,1.0,2.653386354446411,0.8867595818815331
5314,814,4,5,0.00045097534894011915,1.0,2.7029166221618652,0.8867595818815331
5315,815,4,5,0.0006213017040863633,1.0,2.644155263900757,0.8867595818815331
5316,816,4,5,0.0008518928661942482,1.0,2.713526725769043,0.8850174216027874
5317,817,4,5,0.0011491901241242886,1.0,2.633821964263916,0.8867595818815331
5318,818,4,5,0.0014692373806610703,1.0,2.722015142440796,0.8867595818815331
5319,819,4,5,0.0017363259103149176,1.0,2.629565954208374,0.8867595818815331
5320,820,4,5,0.0017983868019655347,1.0,2.7180893421173096,0.8885017421602788
5321,821,4,5,0.0015668909763917327,1.0,2.6415250301361084,0.8867595818815331
5322,822,4,5,0.001048712758347392,1.0,2.694470167160034,0.8867595818815331
5323,823,4,5,0.00047878807527013123,1.0,2.6702187061309814,0.8867595818815331
5324,824,4,5,0.0001440653868485242,1.0,2.6621344089508057,0.8867595818815331
5325,825,4,5,0.00017414410831406713,1.0,2.6979000568389893,0.8867595818815331
5326,826,4,5,0.0004453390429262072,1.0,2.6426615715026855,0.8867595818815331
5327,827,4,5,0.000700984091963619,1.0,2.7061986923217773,0.8850174216027874
5328,828,4,5,0.0007396177970804274,1.0,2.647150993347168,0.8867595818815331
5329,829,4,5,0.0005407826392911375,1.0,2.691161870956421,0.8867595818815331
5330,830,4,5,0.0002580945147201419,1.0,2.670447587966919,0.8867595818815331
5331,831,4,5,9.30389724089764e-05,1.0,2.6664748191833496,0.8867595818815331
5332,832,4,5,0.00012890859215985984,1.0,2.692770004272461,0.8867595818815331
5333,833,4,5,0.000281639164313674,1.0,2.652358055114746,0.8867595818815331
5334,834,4,5,0.0003969975223299116,1.0,2.6974599361419678,0.8867595818815331
5335,835,4,5,0.0003799026308115572,1.0,2.6575756072998047,0.8867595818815331
5336,836,4,5,0.00025558925699442625,1.0,2.684664249420166,0.8867595818815331
5337,837,4,5,0.00012679219071287662,1.0,2.674762010574341,0.8867595818815331
5338,838,4,5,8.428595901932567e-05,1.0,2.667724847793579,0.8867595818815331
5339,839,4,5,0.0001357522705802694,1.0,2.6882331371307373,0.8867595818815331
5340,840,4,5,0.00021470662613864988,1.0,2.6607630252838135,0.8867595818815331
5341,841,4,5,0.000247949588811025,1.0,2.6880106925964355,0.8867595818815331
5342,842,4,5,0.0002114951057592407,1.0,2.666839122772217,0.8867595818815331
5343,843,4,5,0.00013913125440012664,1.0,2.6772544384002686,0.8867595818815331
5344,844,4,5,8.517027163179591e-05,1.0,2.679272174835205,0.8867595818815331
5345,845,4,5,8.111944771371782e-05,1.0,2.666318416595459,0.8867595818815331
5346,846,4,5,0.00011553488729987293,1.0,2.687328577041626,0.8867595818815331
5347,847,4,5,0.00015168089885264635,1.0,2.662876605987549,0.8867595818815331
5348,848,4,5,0.00015970006643328816,1.0,2.686094045639038,0.8867595818815331
5349,849,4,5,0.00013546149421017617,1.0,2.6680033206939697,0.8867595818815331
5350,850,4,5,9.904729813570157e-05,1.0,2.6786608695983887,0.8867595818815331
5351,851,4,5,7.554121839348227e-05,1.0,2.6762421131134033,0.8867595818815331
5352,852,4,5,7.664915028726682e-05,1.0,2.67158842086792,0.8867595818815331
5353,853,4,5,9.563884668750688e-05,1.0,2.681112051010132,0.8867595818815331
5354,854,4,5,0.00011600145808188245,1.0,2.6696572303771973,0.8867595818815331
5355,855,4,5,0.00012446045002434403,1.0,2.6796820163726807,0.8867595818815331
5356,856,4,5,0.00011966742022195831,1.0,2.6736807823181152,0.8867595818815331
5357,857,4,5,0.00011070908658439294,1.0,2.6737825870513916,0.8867595818815331
5358,858,4,5,0.0001100768567994237,1.0,2.6808557510375977,0.8867595818815331
5359,859,4,5,0.0001262637524632737,1.0,2.6668477058410645,0.8867595818815331
5360,860,4,5,0.00016041402705013752,1.0,2.6874072551727295,0.8867595818815331
5361,861,4,5,0.00021136118448339403,1.0,2.661952495574951,0.8867595818815331
5362,862,4,5,0.00027529255021363497,1.0,2.6914403438568115,0.8850174216027874
5363,863,4,5,0.0003595037560444325,1.0,2.6597399711608887,0.8885017421602788
5364,864,4,5,0.00047150891623459756,1.0,2.693451166152954,0.8832752613240418
5365,865,4,5,0.0006389144691638649,1.0,2.6587932109832764,0.8902439024390244
5366,866,4,5,0.0008673535194247961,1.0,2.6954846382141113,0.8832752613240418
5367,867,4,5,0.0012046446790918708,1.0,2.6574316024780273,0.89198606271777
5368,868,4,5,0.0015929576475173235,1.0,2.698521137237549,0.8832752613240418
5369,869,4,5,0.002073112176731229,1.0,2.655836820602417,0.8937282229965157
5370,870,4,5,0.0024249304551631212,1.0,2.7005081176757812,0.8815331010452961
5371,871,4,5,0.002586816204711795,1.0,2.6583878993988037,0.8937282229965157
5372,872,4,5,0.0022207575384527445,1.0,2.693685293197632,0.8832752613240418
5373,873,4,5,0.0014513880014419556,1.0,2.6693217754364014,0.8902439024390244
5374,874,4,5,0.0005620496231131256,1.0,2.6775736808776855,0.8867595818815331
5375,875,4,5,9.720363595988601e-05,1.0,2.6837401390075684,0.8867595818815331
5376,876,4,5,0.00026038565556518734,1.0,2.66469669342041,0.8885017421602788
5377,877,4,5,0.0007410598336718976,1.0,2.6891486644744873,0.8832752613240418
5378,878,4,5,0.0010574564803391695,1.0,2.664595603942871,0.89198606271777
5379,879,4,5,0.0009225766407325864,1.0,2.6810033321380615,0.8850174216027874
5380,880,4,5,0.0004923385567963123,1.0,2.674004077911377,0.8867595818815331
5381,881,4,5,0.000130945147247985,1.0,2.6683459281921387,0.8867595818815331
5382,882,4,5,0.00011245664063608274,1.0,2.6827316284179688,0.8850174216027874
5383,883,4,5,0.0003557679010555148,1.0,2.6639564037323,0.89198606271777
5384,884,4,5,0.0005590911023318768,1.0,2.6827213764190674,0.8867595818815331
5385,885,4,5,0.0005254541174508631,1.0,2.6699612140655518,0.8867595818815331
5386,886,4,5,0.00029555102810263634,1.0,2.6749231815338135,0.8867595818815331
5387,887,4,5,9.457437408855185e-05,1.0,2.6793153285980225,0.8867595818815331
5388,888,4,5,8.548440382583067e-05,1.0,2.667255163192749,0.8867595818815331
5389,889,4,5,0.0002212225372204557,1.0,2.6832997798919678,0.8850174216027874
5390,890,4,5,0.00033048150362446904,1.0,2.6673078536987305,0.8867595818815331
5391,891,4,5,0.0003026304766535759,1.0,2.679814100265503,0.8867595818815331
5392,892,4,5,0.00017677403229754418,1.0,2.6747002601623535,0.8867595818815331
5393,893,4,5,7.276460382854566e-05,1.0,2.6726083755493164,0.8867595818815331
5394,894,4,5,7.03009354765527e-05,1.0,2.6819560527801514,0.8867595818815331
5395,895,4,5,0.00014119769912213087,1.0,2.6679859161376953,0.8867595818815331
5396,896,4,5,0.00019904639339074492,1.0,2.683051347732544,0.8850174216027874
5397,897,4,5,0.0001890626735985279,1.0,2.670130491256714,0.8867595818815331
5398,898,4,5,0.00012557566515170038,1.0,2.6782679557800293,0.8867595818815331
5399,899,4,5,6.57534837955609e-05,1.0,2.6767544746398926,0.8867595818815331
5400,900,4,5,5.374775719246827e-05,1.0,2.6718826293945312,0.8867595818815331
5401,901,4,5,8.477976371068507e-05,1.0,2.681445837020874,0.8867595818815331
5402,902,4,5,0.00012029481149511412,1.0,2.6690800189971924,0.8867595818815331
5403,903,4,5,0.00012719837832264602,1.0,2.680936336517334,0.8867595818815331
5404,904,4,5,0.00010151259630220011,1.0,2.671858549118042,0.8867595818815331
5405,905,4,5,6.555466825375333e-05,1.0,2.676785707473755,0.8867595818815331
5406,906,4,5,4.632566196960397e-05,1.0,2.677043914794922,0.8867595818815331
5407,907,4,5,5.287390376906842e-05,1.0,2.672506332397461,0.8867595818815331
5408,908,4,5,7.282526348717511e-05,1.0,2.679999828338623,0.8850174216027874
5409,909,4,5,8.692086703376845e-05,1.0,2.6712429523468018,0.8867595818815331
5410,910,4,5,8.399748912779614e-05,1.0,2.679511308670044,0.8850174216027874
5411,911,4,5,6.7429784394335e-05,1.0,2.6733815670013428,0.8867595818815331
5412,912,4,5,5.00072528666351e-05,1.0,2.677015542984009,0.8867595818815331
5413,913,4,5,4.237804387230426e-05,1.0,2.676560878753662,0.8867595818815331
5414,914,4,5,4.624790744856e-05,1.0,2.674659490585327,0.8867595818815331
5415,915,4,5,5.5528747907374054e-05,1.0,2.6782302856445312,0.8850174216027874
5416,916,4,5,6.21002764091827e-05,1.0,2.6738128662109375,0.8867595818815331
5417,917,4,5,6.136062438599765e-05,1.0,2.6779611110687256,0.8850174216027874
5418,918,4,5,5.442622205009684e-05,1.0,2.674565553665161,0.8867595818815331
5419,919,4,5,4.5711902203038335e-05,1.0,2.6767613887786865,0.8867595818815331
5420,920,4,5,3.982201451435685e-05,1.0,2.675844192504883,0.8867595818815331
5421,921,4,5,3.882050805259496e-05,1.0,2.675611972808838,0.8867595818815331
5422,922,4,5,4.176583752268925e-05,1.0,2.6767525672912598,0.8850174216027874
5423,923,4,5,4.5822656829841435e-05,1.0,2.6751909255981445,0.8867595818815331
5424,924,4,5,4.8235720896627754e-05,1.0,2.676990270614624,0.8850174216027874
5425,925,4,5,4.7694593376945704e-05,1.0,2.6753852367401123,0.8867595818815331
5426,926,4,5,4.449826155905612e-05,1.0,2.676581859588623,0.8850174216027874
5427,927,4,5,4.0383740270044655e-05,1.0,2.6759848594665527,0.8867595818815331
5428,928,4,5,3.693742473842576e-05,1.0,2.676037073135376,0.8867595818815331
5429,929,4,5,3.5264602047391236e-05,1.0,2.676849842071533,0.8850174216027874
5430,930,4,5,3.5365774238016456e-05,1.0,2.6755664348602295,0.8867595818815331
5431,931,4,5,3.655907494248822e-05,1.0,2.677487850189209,0.8850174216027874
5432,932,4,5,3.794337681028992e-05,1.0,2.6751608848571777,0.8867595818815331
5433,933,4,5,3.879305222653784e-05,1.0,2.677692174911499,0.8850174216027874
5434,934,4,5,3.878405914292671e-05,1.0,2.6751503944396973,0.8867595818815331
5435,935,4,5,3.79453667846974e-05,1.0,2.6776859760284424,0.8850174216027874
5436,936,4,5,3.656376065919176e-05,1.0,2.6755335330963135,0.8867595818815331
5437,937,4,5,3.493486292427406e-05,1.0,2.6773834228515625,0.8850174216027874
5438,938,4,5,3.3375381462974474e-05,1.0,2.6759912967681885,0.8850174216027874
5439,939,4,5,3.222897066734731e-05,1.0,2.6769607067108154,0.8850174216027874
5440,940,4,5,3.160662890877575e-05,1.0,2.6764075756073,0.8850174216027874
5441,941,4,5,3.141922934446484e-05,1.0,2.676692008972168,0.8850174216027874
5442,942,4,5,3.1537205359200016e-05,1.0,2.6766438484191895,0.8850174216027874
5443,943,4,5,3.180844942107797e-05,1.0,2.6766159534454346,0.8850174216027874
5444,944,4,5,3.215595643268898e-05,1.0,2.6767704486846924,0.8850174216027874
5445,945,4,5,3.250427107559517e-05,1.0,2.676753520965576,0.8850174216027874
5446,946,4,5,3.2796113373478875e-05,1.0,2.676642894744873,0.8850174216027874
5447,947,4,5,3.3014242944773287e-05,1.0,2.6769683361053467,0.8850174216027874
5448,948,4,5,3.318553353892639e-05,1.0,2.676384687423706,0.8850174216027874
5449,949,4,5,3.331777043058537e-05,1.0,2.6773788928985596,0.8850174216027874
5450,950,4,5,3.3466032618889585e-05,1.0,2.6759281158447266,0.8850174216027874
5451,951,4,5,3.3696549508022144e-05,1.0,2.677942991256714,0.8850174216027874
5452,952,4,5,3.416722756810486e-05,1.0,2.67523455619812,0.8850174216027874
5453,953,4,5,3.495007331366651e-05,1.0,2.678938388824463,0.8850174216027874
5454,954,4,5,3.628070044214837e-05,1.0,2.6741278171539307,0.8850174216027874
5455,955,4,5,3.846146137220785e-05,1.0,2.6804919242858887,0.8850174216027874
5456,956,4,5,4.2077572288690135e-05,1.0,2.672227144241333,0.8850174216027874
5457,957,4,5,4.790407183463685e-05,1.0,2.683032989501953,0.8850174216027874
5458,958,4,5,5.745265298173763e-05,1.0,2.6691126823425293,0.8850174216027874
5459,959,4,5,7.282687874976546e-05,1.0,2.687105178833008,0.8850174216027874
5460,960,4,5,9.79599280981347e-05,1.0,2.6639256477355957,0.8850174216027874
5461,961,4,5,0.00013870623661205173,1.0,2.6937501430511475,0.8850174216027874
5462,962,4,5,0.0002056494413409382,1.0,2.6555936336517334,0.8850174216027874
5463,963,4,5,0.00031372744706459343,1.0,2.7046475410461426,0.8832752613240418
5464,964,4,5,0.0004898739862255752,1.0,2.6422958374023438,0.8850174216027874
5465,965,4,5,0.0007689656340517104,1.0,2.721639633178711,0.8832752613240418
5466,966,4,5,0.001204967382363975,1.0,2.6226956844329834,0.8850174216027874
5467,967,4,5,0.0018425980815663934,1.0,2.744778633117676,0.8867595818815331
5468,968,4,5,0.0026913725305348635,1.0,2.6011576652526855,0.8867595818815331
5469,969,4,5,0.003580466378480196,1.0,2.7617361545562744,0.8867595818815331
5470,970,4,5,0.004125205334275961,1.0,2.5978095531463623,0.8867595818815331
5471,971,4,5,0.00374930864199996,1.0,2.741396903991699,0.8867595818815331
5472,972,4,5,0.0023737060837447643,1.0,2.638436794281006,0.8867595818815331
5473,973,4,5,0.0007662730640731752,1.0,2.6791272163391113,0.8850174216027874
5474,974,4,5,7.849223038647324e-05,1.0,2.7010273933410645,0.8867595818815331
5475,975,4,5,0.0005921593401581049,1.0,2.62884521484375,0.8850174216027874
5476,976,4,5,0.0014641537563875318,1.0,2.72560977935791,0.8850174216027874
5477,977,4,5,0.001698106061667204,1.0,2.632685661315918,0.8867595818815331
5478,978,4,5,0.001082336064428091,1.0,2.6927812099456787,0.8867595818815331
5479,979,4,5,0.0003271882014814764,1.0,2.678990364074707,0.8850174216027874
5480,980,4,5,0.00017408495477866381,1.0,2.6470096111297607,0.8850174216027874
5481,981,4,5,0.0005594269605353475,1.0,2.7113988399505615,0.8832752613240418
5482,982,4,5,0.000855065300129354,1.0,2.6395208835601807,0.8867595818815331
5483,983,4,5,0.0006975469295866787,1.0,2.69706130027771,0.8850174216027874
5484,984,4,5,0.0003311122127342969,1.0,2.6699557304382324,0.8867595818815331
5485,985,4,5,0.00018561497563496232,1.0,2.663104772567749,0.8850174216027874
5486,986,4,5,0.0003154088626615703,1.0,2.696946144104004,0.8850174216027874
5487,987,4,5,0.000435897265560925,1.0,2.652462959289551,0.8850174216027874
5488,988,4,5,0.00036396252107806504,1.0,2.691575050354004,0.8850174216027874
5489,989,4,5,0.0002127027401002124,1.0,2.6700315475463867,0.8850174216027874
5490,990,4,5,0.00017177624977193773,1.0,2.669084310531616,0.8867595818815331
5491,991,4,5,0.00023426077677868307,1.0,2.688171148300171,0.8850174216027874
5492,992,4,5,0.00025415545678697526,1.0,2.66032338142395,0.8850174216027874
5493,993,4,5,0.00017893119365908206,1.0,2.686511754989624,0.8850174216027874
5494,994,4,5,0.00010646353621268645,1.0,2.6708011627197266,0.8850174216027874
5495,995,4,5,0.00012477497512008995,1.0,2.6730165481567383,0.8867595818815331
5496,996,4,5,0.0001822668855311349,1.0,2.6822280883789062,0.8850174216027874
5497,997,4,5,0.00017729391402099282,1.0,2.66668438911438,0.8850174216027874
5498,998,4,5,0.00010159333032788709,1.0,2.682178020477295,0.8850174216027874
5499,999,4,5,4.676249227486551e-05,1.0,2.672045946121216,0.8850174216027874
5500,1000,4,5,7.177177758421749e-05,1.0,2.675614595413208,0.8850174216027874
5501,1001,4,5,0.0001274425012525171,1.0,2.678004264831543,0.8850174216027874
5502,1002,4,5,0.00013249889889266342,1.0,2.672814130783081,0.8850174216027874
5503,1003,4,5,7.76403903728351e-05,1.0,2.677262783050537,0.8850174216027874
5504,1004,4,5,2.9377630198723637e-05,1.0,2.6757826805114746,0.8850174216027874
5505,1005,4,5,3.8407055399147794e-05,1.0,2.673506498336792,0.8850174216027874
5506,1006,4,5,8.061061816988513e-05,1.0,2.678441047668457,0.8850174216027874
5507,1007,4,5,9.824310836847872e-05,1.0,2.6726861000061035,0.8850174216027874
5508,1008,4,5,7.224771252367646e-05,1.0,2.677682399749756,0.8850174216027874
5509,1009,4,5,3.812643262790516e-05,1.0,2.674337863922119,0.8850174216027874
5510,1010,4,5,3.501265018712729e-05,1.0,2.676515579223633,0.8850174216027874
5511,1011,4,5,6.20149148744531e-05,1.0,2.6740665435791016,0.8850174216027874
5512,1012,4,5,8.774566958891228e-05,1.0,2.678933620452881,0.8850174216027874
5513,1013,4,5,9.344856516690925e-05,1.0,2.670459270477295,0.8867595818815331
5514,1014,4,5,9.196613973472267e-05,1.0,2.683600425720215,0.8850174216027874
5515,1015,4,5,0.00010963386739604175,1.0,2.6662449836730957,0.8867595818815331
5516,1016,4,5,0.00015840382548049092,1.0,2.6868550777435303,0.8850174216027874
5517,1017,4,5,0.0002346144465263933,1.0,2.6642262935638428,0.8885017421602788
5518,1018,4,5,0.0003338982060085982,1.0,2.688523769378662,0.8850174216027874
5519,1019,4,5,0.00048030802281573415,1.0,2.662642478942871,0.8885017421602788
5520,1020,4,5,0.0007010818226262927,1.0,2.6925547122955322,0.8832752613240418
5521,1021,4,5,0.0010600853711366653,1.0,2.657052755355835,0.89198606271777
5522,1022,4,5,0.0015655093593522906,1.0,2.7029688358306885,0.8832752613240418
5523,1023,4,5,0.002312163356691599,1.0,2.646545886993408,0.8937282229965157
5524,1024,4,5,0.0031451319810003042,1.0,2.716249465942383,0.8815331010452961
5525,1025,4,5,0.004072224721312523,1.0,2.6391682624816895,0.8937282229965157
5526,1026,4,5,0.004455712623894215,1.0,2.717374324798584,0.8832752613240418
5527,1027,4,5,0.00403684563934803,1.0,2.652047872543335,0.89198606271777
5528,1028,4,5,0.0024930208455771208,1.0,2.6883184909820557,0.8832752613240418
5529,1029,4,5,0.0007738894200883806,1.0,2.6866538524627686,0.8850174216027874
5530,1030,4,5,0.00017287247464992106,1.0,2.6526100635528564,0.8885017421602788
5531,1031,4,5,0.0009047778439708054,1.0,2.7077434062957764,0.8832752613240418
5532,1032,4,5,0.0017715842695906758,1.0,2.653327465057373,0.89198606271777
5533,1033,4,5,0.001651630736887455,1.0,2.685046911239624,0.8850174216027874
5534,1034,4,5,0.0007843265193514526,1.0,2.6835646629333496,0.8867595818815331
5535,1035,4,5,0.00022734975209459662,1.0,2.6483969688415527,0.8867595818815331
5536,1036,4,5,0.0005144228343851864,1.0,2.7011332511901855,0.8832752613240418
5537,1037,4,5,0.0009719486115500331,1.0,2.649367332458496,0.8902439024390244
5538,1038,4,5,0.0008607573690824211,1.0,2.6789722442626953,0.8850174216027874
5539,1039,4,5,0.00039529375499114394,1.0,2.6832923889160156,0.8850174216027874
5540,1040,4,5,0.00018862613069359213,1.0,2.650076150894165,0.8867595818815331
5541,1041,4,5,0.0004125674313399941,1.0,2.700943946838379,0.8832752613240418
5542,1042,4,5,0.0006105310167185962,1.0,2.652763843536377,0.8885017421602788
5543,1043,4,5,0.0004398307064548135,1.0,2.678807497024536,0.8850174216027874
5544,1044,4,5,0.00015000640996731818,1.0,2.6821608543395996,0.8850174216027874
5545,1045,4,5,0.00012229866115376353,1.0,2.652106285095215,0.8867595818815331
5546,1046,4,5,0.0003188062983099371,1.0,2.6975271701812744,0.8850174216027874
5547,1047,4,5,0.00039739711792208254,1.0,2.6566083431243896,0.8850174216027874
5548,1048,4,5,0.00023533779312856495,1.0,2.6798694133758545,0.8850174216027874
5549,1049,4,5,6.404021405614913e-05,1.0,2.6812055110931396,0.8850174216027874
5550,1050,4,5,9.03975815162994e-05,1.0,2.6573657989501953,0.8850174216027874
5551,1051,4,5,0.00021826902229804546,1.0,2.6924455165863037,0.8850174216027874
5552,1052,4,5,0.000239184417296201,1.0,2.660498857498169,0.8850174216027874
5553,1053,4,5,0.00013180039240978658,1.0,2.679885149002075,0.8850174216027874
5554,1054,4,5,5.048410821473226e-05,1.0,2.6792032718658447,0.8850174216027874
5555,1055,4,5,7.907851249910891e-05,1.0,2.6633224487304688,0.8850174216027874
5556,1056,4,5,0.00013898393081035465,1.0,2.686431646347046,0.8850174216027874
5557,1057,4,5,0.00013289900380186737,1.0,2.6638851165771484,0.8850174216027874
5558,1058,4,5,7.278815610334277e-05,1.0,2.6775918006896973,0.8850174216027874
5559,1059,4,5,4.3292784539517015e-05,1.0,2.6764333248138428,0.8850174216027874
5560,1060,4,5,6.991076224949211e-05,1.0,2.6682674884796143,0.8850174216027874
5561,1061,4,5,9.543189662508667e-05,1.0,2.682196617126465,0.8850174216027874
5562,1062,4,5,7.690166239626706e-05,1.0,2.669154167175293,0.8850174216027874
5563,1063,4,5,3.9176884456537664e-05,1.0,2.676146984100342,0.8850174216027874
5564,1064,4,5,3.0469123885268345e-05,1.0,2.6755712032318115,0.8850174216027874
5565,1065,4,5,5.320601485436782e-05,1.0,2.670567512512207,0.8850174216027874
5566,1066,4,5,6.874833343317732e-05,1.0,2.678449869155884,0.8850174216027874
5567,1067,4,5,5.429037264548242e-05,1.0,2.6727848052978516,0.8850174216027874
5568,1068,4,5,2.785224569379352e-05,1.0,2.6749751567840576,0.8850174216027874
5569,1069,4,5,1.983709262276534e-05,1.0,2.677203416824341,0.8850174216027874
5570,1070,4,5,3.339210888952948e-05,1.0,2.671933650970459,0.8850174216027874
5571,1071,4,5,4.588667070493102e-05,1.0,2.677187919616699,0.8850174216027874
5572,1072,4,5,4.066681503900327e-05,1.0,2.6740331649780273,0.8850174216027874
5573,1073,4,5,2.4988135919556953e-05,1.0,2.6734135150909424,0.8850174216027874
5574,1074,4,5,1.741237792884931e-05,1.0,2.6778807640075684,0.8850174216027874
5575,1075,4,5,2.2844755221740343e-05,1.0,2.6715166568756104,0.8850174216027874
5576,1076,4,5,3.006634142366238e-05,1.0,2.677567481994629,0.8850174216027874
5577,1077,4,5,2.8856558856205083e-05,1.0,2.673696756362915,0.8850174216027874
5578,1078,4,5,2.115357892762404e-05,1.0,2.6735403537750244,0.8850174216027874
5579,1079,4,5,1.59672290465096e-05,1.0,2.6775057315826416,0.8850174216027874
5580,1080,4,5,1.777550278347917e-05,1.0,2.671093702316284,0.8850174216027874
5581,1081,4,5,2.2211270334082656e-05,1.0,2.678313732147217,0.8850174216027874
5582,1082,4,5,2.2596837879973464e-05,1.0,2.6726415157318115,0.8850174216027874
5583,1083,4,5,1.8034859749604948e-05,1.0,2.6753602027893066,0.8850174216027874
5584,1084,4,5,1.357021028525196e-05,1.0,2.676347017288208,0.8850174216027874
5585,1085,4,5,1.3347505046112929e-05,1.0,2.6723358631134033,0.8850174216027874
5586,1086,4,5,1.6366753698093817e-05,1.0,2.6784517765045166,0.8850174216027874
5587,1087,4,5,1.846864506660495e-05,1.0,2.672358989715576,0.8850174216027874
5588,1088,4,5,1.7106660379795358e-05,1.0,2.6772592067718506,0.8850174216027874
5589,1089,4,5,1.3728254089073744e-05,1.0,2.67478084564209,0.8850174216027874
5590,1090,4,5,1.1524479305080604e-05,1.0,2.674386501312256,0.8850174216027874
5591,1091,4,5,1.1981956049567088e-05,1.0,2.677006483078003,0.8850174216027874
5592,1092,4,5,1.3777867025055457e-05,1.0,2.672934055328369,0.8850174216027874
5593,1093,4,5,1.4577042747987434e-05,1.0,2.677367925643921,0.8850174216027874
5594,1094,4,5,1.3533631317841355e-05,1.0,2.673792600631714,0.8850174216027874
5595,1095,4,5,1.1765416275011376e-05,1.0,2.6759324073791504,0.8850174216027874
5596,1096,4,5,1.0814341294462793e-05,1.0,2.675490617752075,0.8850174216027874
5597,1097,4,5,1.110469202103559e-05,1.0,2.6744141578674316,0.8850174216027874
5598,1098,4,5,1.187117140943883e-05,1.0,2.6764299869537354,0.8850174216027874
5599,1099,4,5,1.2084044101356994e-05,1.0,2.6741456985473633,0.8850174216027874
5600,1100,4,5,1.1368372724973597e-05,1.0,2.6761927604675293,0.8850174216027874
5601,1101,4,5,1.0374295925430488e-05,1.0,2.6749701499938965,0.8850174216027874
5602,1102,4,5,9.848463378148153e-06,1.0,2.675368309020996,0.8850174216027874
5603,1103,4,5,9.997194865718484e-06,1.0,2.6757583618164062,0.8850174216027874
5604,1104,4,5,1.0436936463520397e-05,1.0,2.674863576889038,0.8850174216027874
5605,1105,4,5,1.0616972758725751e-05,1.0,2.6759040355682373,0.8850174216027874
5606,1106,4,5,1.032191539707128e-05,1.0,2.6751205921173096,0.8850174216027874
5607,1107,4,5,9.722459253680427e-06,1.0,2.6755034923553467,0.8850174216027874
5608,1108,4,5,9.229818715539295e-06,1.0,2.6757383346557617,0.8850174216027874
5609,1109,4,5,9.068179679161403e-06,1.0,2.6750385761260986,0.8850174216027874
5610,1110,4,5,9.173179932986386e-06,1.0,2.6760358810424805,0.8850174216027874
5611,1111,4,5,9.311585017712787e-06,1.0,2.6749415397644043,0.8850174216027874
5612,1112,4,5,9.285749001719523e-06,1.0,2.675839900970459,0.8850174216027874
5613,1113,4,5,9.076085916603915e-06,1.0,2.6753735542297363,0.8850174216027874
5614,1114,4,5,8.786914804659318e-06,1.0,2.6753947734832764,0.8850174216027874
5615,1115,4,5,8.567777513235342e-06,1.0,2.6758909225463867,0.8850174216027874
5616,1116,4,5,8.465883183816914e-06,1.0,2.6749813556671143,0.8850174216027874
5617,1117,4,5,8.447433174296748e-06,1.0,2.676175355911255,0.8850174216027874
5618,1118,4,5,8.441186764684971e-06,1.0,2.674912214279175,0.8850174216027874
5619,1119,4,5,8.388246897084173e-06,1.0,2.676161289215088,0.8850174216027874
5620,1120,4,5,8.269546924566384e-06,1.0,2.6751327514648438,0.8850174216027874
5621,1121,4,5,8.112808245641645e-06,1.0,2.675855875015259,0.8850174216027874
5622,1122,4,5,7.955696673889179e-06,1.0,2.675462484359741,0.8850174216027874
5623,1123,4,5,7.823753549018875e-06,1.0,2.6755268573760986,0.8850174216027874
5624,1124,4,5,7.728276614216156e-06,1.0,2.6757707595825195,0.8850174216027874
5625,1125,4,5,7.665275916224346e-06,1.0,2.675382375717163,0.8850174216027874
5626,1126,4,5,7.615352387801977e-06,1.0,2.675967216491699,0.8850174216027874
5627,1127,4,5,7.564008228655439e-06,1.0,2.6753711700439453,0.8850174216027874
5628,1128,4,5,7.5019670475739986e-06,1.0,2.6759355068206787,0.8850174216027874
5629,1129,4,5,7.419488611049019e-06,1.0,2.675431966781616,0.8850174216027874
5630,1130,4,5,7.3219002842961345e-06,1.0,2.6758482456207275,0.8850174216027874
5631,1131,4,5,7.218835889943875e-06,1.0,2.6755707263946533,0.8850174216027874
5632,1132,4,5,7.120245300029637e-06,1.0,2.675795078277588,0.8850174216027874
5633,1133,4,5,7.037617706373567e-06,1.0,2.6756725311279297,0.8850174216027874
5634,1134,4,5,6.974252301006345e-06,1.0,2.675800323486328,0.8850174216027874
5635,1135,4,5,6.9222137426550034e-06,1.0,2.6757171154022217,0.8850174216027874
5636,1136,4,5,6.875967301311903e-06,1.0,2.675790786743164,0.8850174216027874
5637,1137,4,5,6.8293825279397424e-06,1.0,2.675708770751953,0.8850174216027874
5638,1138,4,5,6.77540947435773e-06,1.0,2.675830841064453,0.8850174216027874
5639,1139,4,5,6.714632036164403e-06,1.0,2.675703763961792,0.8850174216027874
5640,1140,4,5,6.652250249317149e-06,1.0,2.6759002208709717,0.8850174216027874
5641,1141,4,5,6.586546533071669e-06,1.0,2.675642728805542,0.8850174216027874
5642,1142,4,5,6.522633157146629e-06,1.0,2.6760177612304688,0.8850174216027874
5643,1143,4,5,6.467209004767938e-06,1.0,2.6755638122558594,0.8850174216027874
5644,1144,4,5,6.4188889155047946e-06,1.0,2.6761529445648193,0.8850174216027874
5645,1145,4,5,6.381225375662325e-06,1.0,2.675419569015503,0.8850174216027874
5646,1146,4,5,6.357118763844483e-06,1.0,2.6763877868652344,0.8850174216027874
5647,1147,4,5,6.349429440888343e-06,1.0,2.675262451171875,0.8850174216027874
5648,1148,4,5,6.3659908846602775e-06,1.0,2.6766462326049805,0.8850174216027874
5649,1149,4,5,6.419285000447417e-06,1.0,2.6749515533447266,0.8850174216027874
5650,1150,4,5,6.519972885143943e-06,1.0,2.6769797801971436,0.8850174216027874
5651,1151,4,5,6.687434506602585e-06,1.0,2.6746151447296143,0.8850174216027874
5652,1152,4,5,6.949114776944043e-06,1.0,2.6774380207061768,0.8850174216027874
5653,1153,4,5,7.339097464864608e-06,1.0,2.67415714263916,0.8850174216027874
5654,1154,4,5,7.924799319880549e-06,1.0,2.6780169010162354,0.8850174216027874
5655,1155,4,5,8.799035640549846e-06,1.0,2.6734955310821533,0.8850174216027874
5656,1156,4,5,1.0100496183440555e-05,1.0,2.678856372833252,0.8850174216027874
5657,1157,4,5,1.2029113349854015e-05,1.0,2.672489643096924,0.8850174216027874
5658,1158,4,5,1.492118008172838e-05,1.0,2.680095672607422,0.8850174216027874
5659,1159,4,5,1.924466596392449e-05,1.0,2.670982599258423,0.8850174216027874
5660,1160,4,5,2.5775798349059187e-05,1.0,2.682037353515625,0.8850174216027874
5661,1161,4,5,3.5691849916474894e-05,1.0,2.66862154006958,0.8850174216027874
5662,1162,4,5,5.0952276069438085e-05,1.0,2.685047149658203,0.8850174216027874
5663,1163,4,5,7.444181392202154e-05,1.0,2.6648499965667725,0.8850174216027874
5664,1164,4,5,0.00011111732601420954,1.0,2.6899054050445557,0.8850174216027874
5665,1165,4,5,0.0001685070019448176,1.0,2.6588380336761475,0.8850174216027874
5666,1166,4,5,0.0002597171987872571,1.0,2.697781801223755,0.8885017421602788
5667,1167,4,5,0.0004034446901641786,1.0,2.649263858795166,0.8850174216027874
5668,1168,4,5,0.0006303343106992543,1.0,2.7103404998779297,0.8902439024390244
5669,1169,4,5,0.0009810030460357666,1.0,2.634930372238159,0.8867595818815331
5670,1170,4,5,0.001509329886175692,1.0,2.728370189666748,0.89198606271777
5671,1171,4,5,0.0022586658596992493,1.0,2.6165449619293213,0.8850174216027874
5672,1172,4,5,0.00321344961412251,1.0,2.7472667694091797,0.8902439024390244
5673,1173,4,5,0.004214650951325893,1.0,2.6032159328460693,0.8850174216027874
5674,1174,4,5,0.004863894544541836,1.0,2.748758554458618,0.8902439024390244
5675,1175,4,5,0.004639626480638981,1.0,2.6165058612823486,0.8867595818815331
5676,1176,4,5,0.0032842946238815784,1.0,2.7104899883270264,0.89198606271777
5677,1177,4,5,0.0014348370023071766,1.0,2.665825843811035,0.8850174216027874
5678,1178,4,5,0.0002491219202056527,1.0,2.649998903274536,0.8850174216027874
5679,1179,4,5,0.00039832474431023,1.0,2.7172141075134277,0.8902439024390244
5680,1180,4,5,0.0013690779451280832,1.0,2.6178388595581055,0.8850174216027874
5681,1181,4,5,0.0020413165912032127,1.0,2.724026679992676,0.8885017421602788
5682,1182,4,5,0.0017319627804681659,1.0,2.6356394290924072,0.8850174216027874
5683,1183,4,5,0.0007830053218640387,1.0,2.6841318607330322,0.8850174216027874
5684,1184,4,5,0.00012926739873364568,1.0,2.683549165725708,0.8902439024390244
5685,1185,4,5,0.00027967127971351147,1.0,2.6437582969665527,0.8850174216027874
5686,1186,4,5,0.0008306844974868,1.0,2.7086687088012695,0.8902439024390244
5687,1187,4,5,0.0010477746836841106,1.0,2.6414926052093506,0.8850174216027874
5688,1188,4,5,0.0006989402463659644,1.0,2.6905887126922607,0.8850174216027874
5689,1189,4,5,0.0002081143029499799,1.0,2.6720705032348633,0.8885017421602788
5690,1190,4,5,8.825585973681882e-05,1.0,2.6593070030212402,0.8850174216027874
5691,1191,4,5,0.0003504282794892788,1.0,2.695692777633667,0.8902439024390244
5692,1192,4,5,0.0005842200480401516,1.0,2.65168833732605,0.8850174216027874
5693,1193,4,5,0.0004954678588546813,1.0,2.6868631839752197,0.8885017421602788
5694,1194,4,5,0.00021035807731095701,1.0,2.67094349861145,0.8850174216027874
5695,1195,4,5,5.695963045582175e-05,1.0,2.662982702255249,0.8850174216027874
5696,1196,4,5,0.00015194580191746354,1.0,2.6907525062561035,0.8902439024390244
5697,1197,4,5,0.0003083453921135515,1.0,2.6538350582122803,0.8850174216027874
5698,1198,4,5,0.0003098436864092946,1.0,2.6879374980926514,0.8867595818815331
5699,1199,4,5,0.00016140313528012484,1.0,2.6667799949645996,0.8850174216027874
5700,1200,4,5,4.251136488164775e-05,1.0,2.6702587604522705,0.8850174216027874
5701,1201,4,5,6.58759890939109e-05,1.0,2.6836633682250977,0.8885017421602788
5702,1202,4,5,0.00016155958292074502,1.0,2.659712791442871,0.8850174216027874
5703,1203,4,5,0.00019262392015662044,1.0,2.685953140258789,0.8867595818815331
5704,1204,4,5,0.00012277740461286157,1.0,2.6659433841705322,0.8850174216027874
5705,1205,4,5,3.8989946915535256e-05,1.0,2.6752569675445557,0.8850174216027874
5706,1206,4,5,2.9536322472267784e-05,1.0,2.677548408508301,0.8867595818815331
5707,1207,4,5,8.299743058159947e-05,1.0,2.6662659645080566,0.8850174216027874
5708,1208,4,5,0.00011990274651907384,1.0,2.6804282665252686,0.8867595818815331
5709,1209,4,5,9.45106366998516e-05,1.0,2.6687207221984863,0.8850174216027874
5710,1210,4,5,3.912556712748483e-05,1.0,2.673582077026367,0.8850174216027874
5711,1211,4,5,1.4501572877634317e-05,1.0,2.6772663593292236,0.8867595818815331
5712,1212,4,5,3.738904342753813e-05,1.0,2.666574716567993,0.8850174216027874
5713,1213,4,5,6.95867565809749e-05,1.0,2.681276321411133,0.8867595818815331
5714,1214,4,5,7.047108374536037e-05,1.0,2.666698932647705,0.8850174216027874
5715,1215,4,5,4.032293145428412e-05,1.0,2.677471160888672,0.8850174216027874
5716,1216,4,5,1.3412523912847973e-05,1.0,2.672071695327759,0.8850174216027874
5717,1217,4,5,1.481173330830643e-05,1.0,2.6721181869506836,0.8850174216027874
5718,1218,4,5,3.558091339073144e-05,1.0,2.6757314205169678,0.8867595818815331
5719,1219,4,5,4.855293809669092e-05,1.0,2.6713247299194336,0.8850174216027874
5720,1220,4,5,3.99635719077196e-05,1.0,2.6738579273223877,0.8867595818815331
5721,1221,4,5,2.0975307052140124e-05,1.0,2.6750524044036865,0.8850174216027874
5722,1222,4,5,1.1660507880151272e-05,1.0,2.6694679260253906,0.8850174216027874
5723,1223,4,5,1.9120123397442512e-05,1.0,2.6788723468780518,0.8850174216027874
5724,1224,4,5,3.298012961749919e-05,1.0,2.6673450469970703,0.8850174216027874
5725,1225,4,5,3.90273162338417e-05,1.0,2.679335117340088,0.8850174216027874
5726,1226,4,5,3.448058487265371e-05,1.0,2.6685595512390137,0.8850174216027874
5727,1227,4,5,2.829018012562301e-05,1.0,2.6775405406951904,0.8850174216027874
5728,1228,4,5,3.091920370934531e-05,1.0,2.6703715324401855,0.8867595818815331
5729,1229,4,5,4.414575232658535e-05,1.0,2.67710542678833,0.8850174216027874
5730,1230,4,5,6.232710438780487e-05,1.0,2.66945219039917,0.8867595818815331
5731,1231,4,5,7.982347597135231e-05,1.0,2.6799349784851074,0.8850174216027874
5732,1232,4,5,9.843402949627489e-05,1.0,2.665276050567627,0.8867595818815331
5733,1233,4,5,0.00012520629388745874,1.0,2.6852645874023438,0.8850174216027874
5734,1234,4,5,0.00016982684610411525,1.0,2.6597914695739746,0.8867595818815331
5735,1235,4,5,0.00023702332691755146,1.0,2.6911730766296387,0.8850174216027874
5736,1236,4,5,0.0003336947120260447,1.0,2.654616355895996,0.8867595818815331
5737,1237,4,5,0.0004643286520149559,1.0,2.6969921588897705,0.8850174216027874
5738,1238,4,5,0.0006419652490876615,1.0,2.6497769355773926,0.8867595818815331
5739,1239,4,5,0.0008745986269786954,1.0,2.7038846015930176,0.8832752613240418
5740,1240,4,5,0.0011772670550271869,1.0,2.644066095352173,0.8902439024390244
5741,1241,4,5,0.0015386121813207865,1.0,2.7123138904571533,0.8832752613240418
5742,1242,4,5,0.0019488540710881352,1.0,2.6376795768737793,0.89198606271777
5743,1243,4,5,0.0023040727246552706,1.0,2.7182536125183105,0.8832752613240418
5744,1244,4,5,0.0025067694950848818,1.0,2.6356658935546875,0.89198606271777
5745,1245,4,5,0.0023580221459269524,1.0,2.7135767936706543,0.8832752613240418
5746,1246,4,5,0.001818226184695959,1.0,2.6470232009887695,0.8902439024390244
5747,1247,4,5,0.0009878849377855659,1.0,2.6915643215179443,0.8850174216027874
5748,1248,4,5,0.0002707191160880029,1.0,2.6722822189331055,0.8850174216027874
5749,1249,4,5,3.8487447454826906e-05,1.0,2.663193941116333,0.8867595818815331
5750,1250,4,5,0.0003094164712820202,1.0,2.69466233253479,0.8850174216027874
5751,1251,4,5,0.0007377022411674261,1.0,2.6476314067840576,0.8902439024390244
5752,1252,4,5,0.0009358377428725362,1.0,2.6980504989624023,0.8850174216027874
5753,1253,4,5,0.0007697373512201011,1.0,2.6527562141418457,0.8867595818815331
5754,1254,4,5,0.00038341459003277123,1.0,2.682183265686035,0.8850174216027874
5755,1255,4,5,8.542525029042736e-05,1.0,2.671342372894287,0.8850174216027874
5756,1256,4,5,7.131866732379422e-05,1.0,2.6620044708251953,0.8867595818815331
5757,1257,4,5,0.00026348253595642745,1.0,2.6870810985565186,0.8850174216027874
5758,1258,4,5,0.0004297721607144922,1.0,2.654003620147705,0.8867595818815331
5759,1259,4,5,0.0004152158217038959,1.0,2.687922954559326,0.8850174216027874
5760,1260,4,5,0.0002503148280084133,1.0,2.6610586643218994,0.8850174216027874
5761,1261,4,5,8.637017162982374e-05,1.0,2.6762101650238037,0.8850174216027874
5762,1262,4,5,4.751368032884784e-05,1.0,2.6749014854431152,0.8850174216027874
5763,1263,4,5,0.00012470198271330446,1.0,2.6641080379486084,0.8867595818815331
5764,1264,4,5,0.00020874034089501947,1.0,2.683351993560791,0.8850174216027874
5765,1265,4,5,0.00021319375082384795,1.0,2.6613786220550537,0.8867595818815331
5766,1266,4,5,0.00013938893971499056,1.0,2.681791305541992,0.8850174216027874
5767,1267,4,5,5.9508525737328455e-05,1.0,2.6674413681030273,0.8850174216027874
5768,1268,4,5,3.653512612800114e-05,1.0,2.673422336578369,0.8850174216027874
5769,1269,4,5,7.08056177245453e-05,1.0,2.6753315925598145,0.8850174216027874
5770,1270,4,5,0.00011171325604664162,1.0,2.6667063236236572,0.8850174216027874
5771,1271,4,5,0.00011380492651369423,1.0,2.679021120071411,0.8850174216027874
5772,1272,4,5,7.70214173826389e-05,1.0,2.6659741401672363,0.8850174216027874
5773,1273,4,5,3.559518154361285e-05,1.0,2.67716121673584,0.8850174216027874
5774,1274,4,5,2.2250678739510477e-05,1.0,2.669914722442627,0.8850174216027874
5775,1275,4,5,3.9225382352015004e-05,1.0,2.6726698875427246,0.8850174216027874
5776,1276,4,5,6.172042049001902e-05,1.0,2.674020767211914,0.8850174216027874
5777,1277,4,5,6.541319453390315e-05,1.0,2.6695125102996826,0.8850174216027874
5778,1278,4,5,4.633043135982007e-05,1.0,2.6758859157562256,0.8850174216027874
5779,1279,4,5,2.1774798369733617e-05,1.0,2.669449806213379,0.8850174216027874
5780,1280,4,5,1.0576024578767829e-05,1.0,2.6750776767730713,0.8850174216027874
5781,1281,4,5,1.7748334357747808e-05,1.0,2.6711277961730957,0.8850174216027874
5782,1282,4,5,3.2545292924623936e-05,1.0,2.673212766647339,0.8850174216027874
5783,1283,4,5,3.989772449131124e-05,1.0,2.6728506088256836,0.8850174216027874
5784,1284,4,5,3.362687857588753e-05,1.0,2.671813488006592,0.8850174216027874
5785,1285,4,5,1.8990485841641203e-05,1.0,2.673719644546509,0.8850174216027874
5786,1286,4,5,7.168548108893447e-06,1.0,2.671633720397949,0.8850174216027874
5787,1287,4,5,5.273022452456644e-06,1.0,2.6738898754119873,0.8850174216027874
5788,1288,4,5,1.2032997801725287e-05,1.0,2.671849012374878,0.8850174216027874
5789,1289,4,5,2.0182218577247113e-05,1.0,2.673346519470215,0.8850174216027874
5790,1290,4,5,2.285414120706264e-05,1.0,2.6719419956207275,0.8850174216027874
5791,1291,4,5,1.8540418750490062e-05,1.0,2.672956943511963,0.8850174216027874
5792,1292,4,5,1.0678047146939207e-05,1.0,2.6721911430358887,0.8850174216027874
5793,1293,4,5,4.593547600961756e-06,1.0,2.6727421283721924,0.8850174216027874
5794,1294,4,5,3.4196077649539802e-06,1.0,2.6725096702575684,0.8850174216027874
5795,1295,4,5,6.487563950940967e-06,1.0,2.672396183013916,0.8850174216027874
5796,1296,4,5,1.0552597814239562e-05,1.0,2.6728482246398926,0.8850174216027874
5797,1297,4,5,1.2465442523534875e-05,1.0,2.6719114780426025,0.8850174216027874
5798,1298,4,5,1.1176770385645796e-05,1.0,2.6732492446899414,0.8850174216027874
5799,1299,4,5,7.809240742062684e-06,1.0,2.6717522144317627,0.8850174216027874
5800,1300,4,5,4.557741249300307e-06,1.0,2.6735758781433105,0.8850174216027874
5801,1301,4,5,3.0955859529058216e-06,1.0,2.6719071865081787,0.8850174216027874
5802,1302,4,5,3.6772987641597865e-06,1.0,2.673387289047241,0.8850174216027874
5803,1303,4,5,5.301716555550229e-06,1.0,2.6722748279571533,0.8850174216027874
5804,1304,4,5,6.612523975491058e-06,1.0,2.6728241443634033,0.8850174216027874
5805,1305,4,5,6.773594122932991e-06,1.0,2.6728789806365967,0.8850174216027874
5806,1306,4,5,5.7781621762842406e-06,1.0,2.67225980758667,0.8850174216027874
5807,1307,4,5,4.298661224311218e-06,1.0,2.6734507083892822,0.8850174216027874
5808,1308,4,5,3.128610842395574e-06,1.0,2.671849489212036,0.8850174216027874
5809,1309,4,5,2.7326500458002556e-06,1.0,2.6736526489257812,0.8850174216027874
5810,1310,4,5,3.0665332815260626e-06,1.0,2.67173433303833,0.8850174216027874
5811,1311,4,5,3.7133297610125737e-06,1.0,2.6735010147094727,0.8850174216027874
5812,1312,4,5,4.199457180220634e-06,1.0,2.672027826309204,0.8850174216027874
5813,1313,4,5,4.227190402161796e-06,1.0,2.673130750656128,0.8850174216027874
5814,1314,4,5,3.8042044252506457e-06,1.0,2.6725211143493652,0.8850174216027874
5815,1315,4,5,3.143019284834736e-06,1.0,2.672640562057495,0.8850174216027874
5816,1316,4,5,2.5389049369550776e-06,1.0,2.6729917526245117,0.8850174216027874
5817,1317,4,5,2.2044384877517587e-06,1.0,2.672226905822754,0.8850174216027874
5818,1318,4,5,2.1939476937404834e-06,1.0,2.6733405590057373,0.8850174216027874
5819,1319,4,5,2.418462145215017e-06,1.0,2.672025203704834,0.8850174216027874
5820,1320,4,5,2.7160097033629427e-06,1.0,2.6734910011291504,0.8850174216027874
5821,1321,4,5,2.9266409455885878e-06,1.0,2.6719908714294434,0.8850174216027874
5822,1322,4,5,2.959071707664407e-06,1.0,2.6733899116516113,0.8850174216027874
5823,1323,4,5,2.809273610182572e-06,1.0,2.67209792137146,0.8850174216027874
5824,1324,4,5,2.5426040792808635e-06,1.0,2.673185110092163,0.8850174216027874
5825,1325,4,5,2.2522117433254607e-06,1.0,2.6723358631134033,0.8850174216027874
5826,1326,4,5,2.0176623820589157e-06,1.0,2.6729655265808105,0.8850174216027874
5827,1327,4,5,1.8819512206391664e-06,1.0,2.6725704669952393,0.8850174216027874
5828,1328,4,5,1.8479519212633022e-06,1.0,2.6727383136749268,0.8850174216027874
5829,1329,4,5,1.887298708425078e-06,1.0,2.6727547645568848,0.8850174216027874
5830,1330,4,5,1.959360133696464e-06,1.0,2.6725707054138184,0.8850174216027874
5831,1331,4,5,2.025515414061374e-06,1.0,2.672903537750244,0.8850174216027874
5832,1332,4,5,2.057795200016699e-06,1.0,2.672475814819336,0.8850174216027874
5833,1333,4,5,2.046553163381759e-06,1.0,2.673003911972046,0.8850174216027874
5834,1334,4,5,1.9945910025853664e-06,1.0,2.672417640686035,0.8850174216027874
5835,1335,4,5,1.918726184158004e-06,1.0,2.6730501651763916,0.8850174216027874
5836,1336,4,5,1.8346319166084868e-06,1.0,2.672379732131958,0.8850174216027874
5837,1337,4,5,1.7594981045476743e-06,1.0,2.6730968952178955,0.8850174216027874
5838,1338,4,5,1.7018807056956575e-06,1.0,2.672379493713379,0.8850174216027874
5839,1339,4,5,1.6684742831785115e-06,1.0,2.673147678375244,0.8850174216027874
5840,1340,4,5,1.6585579487582436e-06,1.0,2.6723554134368896,0.8850174216027874
5841,1341,4,5,1.668033064561314e-06,1.0,2.673199415206909,0.8850174216027874
5842,1342,4,5,1.6903393316169968e-06,1.0,2.6723058223724365,0.8850174216027874
5843,1343,4,5,1.7193571011375752e-06,1.0,2.6732752323150635,0.8850174216027874
5844,1344,4,5,1.7515831132186577e-06,1.0,2.6722323894500732,0.8850174216027874
5845,1345,4,5,1.7837877521742485e-06,1.0,2.673388719558716,0.8850174216027874
5846,1346,4,5,1.8167171447203145e-06,1.0,2.672114849090576,0.8850174216027874
5847,1347,4,5,1.8532272179072606e-06,1.0,2.6735482215881348,0.8850174216027874
5848,1348,4,5,1.8989870795849129e-06,1.0,2.6719350814819336,0.8850174216027874
5849,1349,4,5,1.9616345525719225e-06,1.0,2.673780679702759,0.8850174216027874
5850,1350,4,5,2.052826403087238e-06,1.0,2.6716630458831787,0.8850174216027874
5851,1351,4,5,2.185278390243184e-06,1.0,2.6741061210632324,0.8850174216027874
5852,1352,4,5,2.3784796212567016e-06,1.0,2.6712779998779297,0.8850174216027874
5853,1353,4,5,2.6567765871732263e-06,1.0,2.674579620361328,0.8850174216027874
5854,1354,4,5,3.0581104510929435e-06,1.0,2.670729875564575,0.8850174216027874
5855,1355,4,5,3.634649601735873e-06,1.0,2.6752607822418213,0.8850174216027874
5856,1356,4,5,4.468153292691568e-06,1.0,2.669924736022949,0.8850174216027874
5857,1357,4,5,5.667086497851415e-06,1.0,2.6762611865997314,0.8850174216027874
5858,1358,4,5,7.4231829785276204e-06,1.0,2.6687185764312744,0.8850174216027874
5859,1359,4,5,9.984037205867935e-06,1.0,2.677762985229492,0.8850174216027874
5860,1360,4,5,1.3783358554064762e-05,1.0,2.666895627975464,0.8850174216027874
5861,1361,4,5,1.9442937627900392e-05,1.0,2.680086612701416,0.8850174216027874
5862,1362,4,5,2.7986639906885102e-05,1.0,2.664085626602173,0.8850174216027874
5863,1363,4,5,4.097712007933296e-05,1.0,2.683708667755127,0.8850174216027874
5864,1364,4,5,6.088187001296319e-05,1.0,2.6596531867980957,0.8850174216027874
5865,1365,4,5,9.174527804134414e-05,1.0,2.6894497871398926,0.8850174216027874
5866,1366,4,5,0.00013954607129562646,1.0,2.6526474952697754,0.8850174216027874
5867,1367,4,5,0.00021521358576137573,1.0,2.6987497806549072,0.8850174216027874
5868,1368,4,5,0.00033475260715931654,1.0,2.6414246559143066,0.8867595818815331
5869,1369,4,5,0.0005249654059298337,1.0,2.713806629180908,0.8850174216027874
5870,1370,4,5,0.0008276186417788267,1.0,2.623579502105713,0.8867595818815331
5871,1371,4,5,0.0013076062314212322,1.0,2.737847089767456,0.8832752613240418
5872,1372,4,5,0.0020499560050666332,1.0,2.5971128940582275,0.8867595818815331
5873,1373,4,5,0.0031482737977057695,1.0,2.7715888023376465,0.8850174216027874
5874,1374,4,5,0.004630772862583399,1.0,2.567086935043335,0.8885017421602788
5875,1375,4,5,0.006245629861950874,1.0,2.7992305755615234,0.8850174216027874
5876,1376,4,5,0.007251884322613478,1.0,2.5621070861816406,0.8885017421602788
5877,1377,4,5,0.006740096025168896,1.0,2.772697687149048,0.8832752613240418
5878,1378,4,5,0.0044812955893576145,1.0,2.6197664737701416,0.8867595818815331
5879,1379,4,5,0.0019729628693312407,1.0,2.682049036026001,0.8885017421602788
5880,1380,4,5,0.0013450909173116088,1.0,2.707676649093628,0.8885017421602788
5881,1381,4,5,0.0026432168669998646,1.0,2.6154849529266357,0.8885017421602788
5882,1382,4,5,0.0037896677386015654,1.0,2.7283530235290527,0.8867595818815331
5883,1383,4,5,0.0029789365362375975,1.0,2.6347861289978027,0.8867595818815331
5884,1384,4,5,0.0009301825193688273,1.0,2.668848991394043,0.8867595818815331
5885,1385,4,5,0.00011773268488468602,1.0,2.698124408721924,0.8850174216027874
5886,1386,4,5,0.0011784437811002135,1.0,2.6291239261627197,0.8885017421602788
5887,1387,4,5,0.0021158296149224043,1.0,2.700836658477783,0.8850174216027874
5888,1388,4,5,0.0014899126254022121,1.0,2.6634581089019775,0.8885017421602788
5889,1389,4,5,0.0003134137368761003,1.0,2.647258758544922,0.8867595818815331
5890,1390,4,5,0.0002749970881268382,1.0,2.709218740463257,0.8850174216027874
5891,1391,4,5,0.0010373247787356377,1.0,2.634148120880127,0.8885017421602788
5892,1392,4,5,0.001097832340747118,1.0,2.6879959106445312,0.8850174216027874
5893,1393,4,5,0.0003682243695948273,1.0,2.6814255714416504,0.8850174216027874
5894,1394,4,5,7.284089952008799e-05,1.0,2.640446662902832,0.8867595818815331
5895,1395,4,5,0.0005496694357134402,1.0,2.7094500064849854,0.8850174216027874
5896,1396,4,5,0.0008126661414280534,1.0,2.644592761993408,0.8867595818815331
5897,1397,4,5,0.0003994608414359391,1.0,2.676539897918701,0.8850174216027874
5898,1398,4,5,3.4061547921737656e-05,1.0,2.686028480529785,0.8850174216027874
5899,1399,4,5,0.00022997026098892093,1.0,2.646355152130127,0.8885017421602788
5900,1400,4,5,0.00048605838674120605,1.0,2.693979501724243,0.8850174216027874
5901,1401,4,5,0.00031833548564463854,1.0,2.6619210243225098,0.8850174216027874
5902,1402,4,5,5.4832922614878044e-05,1.0,2.666102170944214,0.8885017421602788
5903,1403,4,5,0.00012901480658911169,1.0,2.6857943534851074,0.8850174216027874
5904,1404,4,5,0.00032224017195403576,1.0,2.658418893814087,0.8885017421602788
5905,1405,4,5,0.00025142834056168795,1.0,2.676076650619507,0.8850174216027874
5906,1406,4,5,4.5829274313291535e-05,1.0,2.6779897212982178,0.8850174216027874
5907,1407,4,5,4.131391324335709e-05,1.0,2.6586599349975586,0.8867595818815331
5908,1408,4,5,0.00018211937276646495,1.0,2.6835052967071533,0.8850174216027874
5909,1409,4,5,0.00018728678696788847,1.0,2.6669561862945557,0.8850174216027874
5910,1410,4,5,5.982569564366713e-05,1.0,2.6650102138519287,0.8850174216027874
5911,1411,4,5,2.377328200964257e-05,1.0,2.684284210205078,0.8850174216027874
5912,1412,4,5,0.00010668061440810561,1.0,2.6572303771972656,0.8850174216027874
5913,1413,4,5,0.00013165318523533642,1.0,2.6796321868896484,0.8850174216027874
5914,1414,4,5,5.236238575889729e-05,1.0,2.671426773071289,0.8850174216027874
5915,1415,4,5,6.680665137537289e-06,1.0,2.663022994995117,0.8850174216027874
5916,1416,4,5,5.369282735045999e-05,1.0,2.682154893875122,0.8850174216027874
5917,1417,4,5,9.07396970433183e-05,1.0,2.6622564792633057,0.8850174216027874
5918,1418,4,5,5.247031003818847e-05,1.0,2.674081563949585,0.8850174216027874
5919,1419,4,5,9.568389032210689e-06,1.0,2.674384832382202,0.8850174216027874
5920,1420,4,5,2.6201538275927305e-05,1.0,2.6648952960968018,0.8850174216027874
5921,1421,4,5,5.667576988344081e-05,1.0,2.677234172821045,0.8850174216027874
5922,1422,4,5,4.202796844765544e-05,1.0,2.6692168712615967,0.8850174216027874
5923,1423,4,5,8.871701538737398e-06,1.0,2.6688520908355713,0.8850174216027874
5924,1424,4,5,1.0098345228470862e-05,1.0,2.6765599250793457,0.8850174216027874
5925,1425,4,5,3.4123808291042224e-05,1.0,2.666207790374756,0.8850174216027874
5926,1426,4,5,3.546192237990908e-05,1.0,2.673685312271118,0.8850174216027874
5927,1427,4,5,1.3674721230927389e-05,1.0,2.673218011856079,0.8850174216027874
5928,1428,4,5,4.984521638107253e-06,1.0,2.666640281677246,0.8850174216027874
5929,1429,4,5,1.7626472981646657e-05,1.0,2.676962375640869,0.8850174216027874
5930,1430,4,5,2.4472683435305953e-05,1.0,2.6674740314483643,0.8850174216027874
5931,1431,4,5,1.3074694834358525e-05,1.0,2.6719419956207275,0.8850174216027874
5932,1432,4,5,2.5646620542829623e-06,1.0,2.6739277839660645,0.8850174216027874
5933,1433,4,5,7.6085329965280835e-06,1.0,2.6670758724212646,0.8850174216027874
5934,1434,4,5,1.626741504878737e-05,1.0,2.6752569675445557,0.8850174216027874
5935,1435,4,5,1.3531707736547105e-05,1.0,2.6693637371063232,0.8850174216027874
5936,1436,4,5,4.941653060086537e-06,1.0,2.670787811279297,0.8850174216027874
5937,1437,4,5,3.8910006878722925e-06,1.0,2.673720359802246,0.8850174216027874
5938,1438,4,5,9.481223969487473e-06,1.0,2.668544054031372,0.8850174216027874
5939,1439,4,5,1.0753267815744039e-05,1.0,2.67318058013916,0.8850174216027874
5940,1440,4,5,5.423383754532551e-06,1.0,2.6713433265686035,0.8850174216027874
5941,1441,4,5,1.7671031855570618e-06,1.0,2.6697981357574463,0.8850174216027874
5942,1442,4,5,4.118183369428152e-06,1.0,2.6736817359924316,0.8850174216027874
5943,1443,4,5,7.149158136598999e-06,1.0,2.6695520877838135,0.8850174216027874
5944,1444,4,5,5.728216819989029e-06,1.0,2.67192006111145,0.8850174216027874
5945,1445,4,5,2.439834361211979e-06,1.0,2.6724460124969482,0.8850174216027874
5946,1446,4,5,2.202846872023656e-06,1.0,2.6692678928375244,0.8850174216027874
5947,1447,4,5,4.5001656872045714e-06,1.0,2.673692464828491,0.8850174216027874
5948,1448,4,5,5.188585873838747e-06,1.0,2.669757604598999,0.8850174216027874
5949,1449,4,5,3.2513378300791373e-06,1.0,2.671746253967285,0.8850174216027874
5950,1450,4,5,1.6615327922409051e-06,1.0,2.6721949577331543,0.8850174216027874
5951,1451,4,5,2.314286803084542e-06,1.0,2.669896364212036,0.8850174216027874
5952,1452,4,5,3.5370528621569974e-06,1.0,2.672895669937134,0.8850174216027874
5953,1453,4,5,3.191459427398513e-06,1.0,2.670520067214966,0.8850174216027874
5954,1454,4,5,1.823046090976277e-06,1.0,2.6713945865631104,0.8850174216027874
5955,1455,4,5,1.3581600342149613e-06,1.0,2.6720433235168457,0.8850174216027874
5956,1456,4,5,2.1150590328034014e-06,1.0,2.6704294681549072,0.8850174216027874
5957,1457,4,5,2.6692773644754197e-06,1.0,2.671952962875366,0.8850174216027874
5958,1458,4,5,2.1764697066828376e-06,1.0,2.671351909637451,0.8850174216027874
5959,1459,4,5,1.4204457556843408e-06,1.0,2.6705503463745117,0.8850174216027874
5960,1460,4,5,1.4028832993062679e-06,1.0,2.6725997924804688,0.8850174216027874
5961,1461,4,5,1.921231159940362e-06,1.0,2.6699230670928955,0.8850174216027874
5962,1462,4,5,2.0795428099518176e-06,1.0,2.6724202632904053,0.8850174216027874
5963,1463,4,5,1.6470324908368639e-06,1.0,2.670761823654175,0.8850174216027874
5964,1464,4,5,1.235637569152459e-06,1.0,2.671355724334717,0.8850174216027874
5965,1465,4,5,1.314484165959584e-06,1.0,2.671666145324707,0.8850174216027874
5966,1466,4,5,1.6099021422633086e-06,1.0,2.6709742546081543,0.8850174216027874
5967,1467,4,5,1.620693069526169e-06,1.0,2.6714601516723633,0.8850174216027874
5968,1468,4,5,1.3289587741383002e-06,1.0,2.6716649532318115,0.8850174216027874
5969,1469,4,5,1.1294835076114396e-06,1.0,2.6706888675689697,0.8850174216027874
5970,1470,4,5,1.2329934406807297e-06,1.0,2.672316789627075,0.8850174216027874
5971,1471,4,5,1.4313676501842565e-06,1.0,2.6704628467559814,0.8850174216027874
5972,1472,4,5,1.4555234884028323e-06,1.0,2.6721088886260986,0.8850174216027874
5973,1473,4,5,1.3375447451835498e-06,1.0,2.6709492206573486,0.8850174216027874
5974,1474,4,5,1.3215477565609035e-06,1.0,2.671550989151001,0.8850174216027874
5975,1475,4,5,1.5223314449031022e-06,1.0,2.671332359313965,0.8850174216027874
5976,1476,4,5,1.8267323866894003e-06,1.0,2.671530246734619,0.8850174216027874
5977,1477,4,5,2.1099840523675084e-06,1.0,2.671011209487915,0.8850174216027874
5978,1478,4,5,2.44366447077482e-06,1.0,2.672156810760498,0.8850174216027874
5979,1479,4,5,3.0313076422316954e-06,1.0,2.670292854309082,0.8850174216027874
5980,1480,4,5,4.043040462420322e-06,1.0,2.672818183898926,0.8850174216027874
5981,1481,4,5,5.570645043917466e-06,1.0,2.6697683334350586,0.8850174216027874
5982,1482,4,5,7.805501809343696e-06,1.0,2.673187255859375,0.8850174216027874
5983,1483,4,5,1.1176384759892244e-05,1.0,2.66947603225708,0.8850174216027874
5984,1484,4,5,1.6455376680823974e-05,1.0,2.67362117767334,0.8850174216027874
5985,1485,4,5,2.4738075808272697e-05,1.0,2.668792247772217,0.8850174216027874
5986,1486,4,5,3.779325197683647e-05,1.0,2.674776077270508,0.8867595818815331
5987,1487,4,5,5.836511991219595e-05,1.0,2.6671903133392334,0.8850174216027874
5988,1488,4,5,9.123961353907362e-05,1.0,2.677067995071411,0.8867595818815331
5989,1489,4,5,0.00014389642456080765,1.0,2.6644608974456787,0.8850174216027874
5990,1490,4,5,0.00022962123330216855,1.0,2.6807405948638916,0.8902439024390244
5991,1491,4,5,0.00036771828308701515,1.0,2.6604511737823486,0.8850174216027874
5992,1492,4,5,0.0005954669904895127,1.0,2.686249017715454,0.8902439024390244
5993,1493,4,5,0.0009585032821632922,1.0,2.6547672748565674,0.8867595818815331
5994,1494,4,5,0.001551117398776114,1.0,2.6943116188049316,0.8937282229965157
5995,1495,4,5,0.002473023720085621,1.0,2.6483876705169678,0.8850174216027874
5996,1496,4,5,0.003896464593708515,1.0,2.703317403793335,0.8937282229965157
5997,1497,4,5,0.005836900323629379,1.0,2.6458029747009277,0.8832752613240418
5998,1498,4,5,0.008117994293570518,1.0,2.7020344734191895,0.8954703832752613
5999,1499,4,5,0.009714063256978989,1.0,2.656991958618164,0.8850174216027874
6000,0,4,6,2.8702661991119385,0.8646153846153846,1.7741461992263794,0.8945518453427065
6001,1,4,6,2.120269536972046,0.8589010989010989,1.981170415878296,0.8963093145869947
6002,2,4,6,1.8177744150161743,0.8448351648351649,2.1831164360046387,0.8857644991212654
6003,3,4,6,1.669960379600525,0.8413186813186814,2.319124698638916,0.8629173989455184
6004,4,4,6,1.5407692193984985,0.8391208791208791,2.3989155292510986,0.820738137082601
6005,5,4,6,1.4254369735717773,0.8364835164835165,2.434530258178711,0.7820738137082601
6006,6,4,6,1.345224380493164,0.8360439560439561,2.4319305419921875,0.7557117750439367
6007,7,4,6,1.295783519744873,0.8369230769230769,2.392064094543457,0.7381370826010545
6008,8,4,6,1.2600005865097046,0.8448351648351649,2.3259170055389404,0.7416520210896309
6009,9,4,6,1.2197518348693848,0.8501098901098901,2.250382423400879,0.7469244288224957
6010,10,4,6,1.1711199283599854,0.8593406593406593,2.1831743717193604,0.7644991212653779
6011,11,4,6,1.119521975517273,0.8712087912087912,2.13151478767395,0.7803163444639719
6012,12,4,6,1.0705538988113403,0.876043956043956,2.0968029499053955,0.8031634446397188
6013,13,4,6,1.0289347171783447,0.8764835164835165,2.07313871383667,0.8084358523725835
6014,14,4,6,0.9971209168434143,0.8830769230769231,2.0534050464630127,0.81195079086116
6015,15,4,6,0.9736325740814209,0.883956043956044,2.028416156768799,0.8189806678383128
6016,16,4,6,0.9545383453369141,0.8817582417582418,1.9934258460998535,0.820738137082601
6017,17,4,6,0.9354169964790344,0.8874725274725275,1.949458360671997,0.8224956063268892
6018,18,4,6,0.913862407207489,0.8883516483516484,1.9021636247634888,0.820738137082601
6019,19,4,6,0.8907275199890137,0.890989010989011,1.857701063156128,0.820738137082601
6020,20,4,6,0.8678217530250549,0.8901098901098901,1.821754813194275,0.8154657293497364
6021,21,4,6,0.8470598459243774,0.8918681318681319,1.7978929281234741,0.8172231985940246
6022,22,4,6,0.8290111422538757,0.8962637362637362,1.7873048782348633,0.8154657293497364
6023,23,4,6,0.8125097751617432,0.8993406593406593,1.7909678220748901,0.8101933216168717
6024,24,4,6,0.7957863211631775,0.9010989010989011,1.8082488775253296,0.8066783831282952
6025,25,4,6,0.7780492901802063,0.9037362637362637,1.8361374139785767,0.8031634446397188
6026,26,4,6,0.7606368660926819,0.9037362637362637,1.8698089122772217,0.7996485061511424
6027,27,4,6,0.745193362236023,0.9032967032967033,1.9032793045043945,0.7978910369068541
6028,28,4,6,0.7321071624755859,0.9002197802197802,1.929312825202942,0.7943760984182777
6029,29,4,6,0.7203474044799805,0.9006593406593406,1.9427083730697632,0.789103690685413
6030,30,4,6,0.7083709836006165,0.9010989010989011,1.9423218965530396,0.789103690685413
6031,31,4,6,0.6956603527069092,0.9050549450549451,1.9305634498596191,0.7908611599297012
6032,32,4,6,0.6828946471214294,0.9037362637362637,1.9127804040908813,0.7908611599297012
6033,33,4,6,0.670940637588501,0.9059340659340659,1.8946198225021362,0.7926186291739895
6034,34,4,6,0.6599299311637878,0.9072527472527473,1.8805466890335083,0.7926186291739895
6035,35,4,6,0.6491477489471436,0.9076923076923077,1.872799038887024,0.7926186291739895
6036,36,4,6,0.6379297971725464,0.9107692307692308,1.8717948198318481,0.7978910369068541
6037,37,4,6,0.6263561844825745,0.9147252747252748,1.8761664628982544,0.7996485061511424
6038,38,4,6,0.6150880455970764,0.9164835164835164,1.8836647272109985,0.7996485061511424
6039,39,4,6,0.6044331192970276,0.916923076923077,1.890691876411438,0.7996485061511424
6040,40,4,6,0.5943819284439087,0.9164835164835164,1.8946226835250854,0.7996485061511424
6041,41,4,6,0.584861159324646,0.916923076923077,1.8945448398590088,0.8031634446397188
6042,42,4,6,0.5755610466003418,0.9186813186813186,1.890923023223877,0.8031634446397188
6043,43,4,6,0.5664018392562866,0.9213186813186813,1.8864226341247559,0.8031634446397188
6044,44,4,6,0.5574528574943542,0.9217582417582417,1.8833547830581665,0.7996485061511424
6045,45,4,6,0.5486739873886108,0.9221978021978022,1.8837419748306274,0.8014059753954306
6046,46,4,6,0.5401385426521301,0.9239560439560439,1.8884527683258057,0.8014059753954306
6047,47,4,6,0.531832218170166,0.9261538461538461,1.8970863819122314,0.7996485061511424
6048,48,4,6,0.5235809683799744,0.9261538461538461,1.9085687398910522,0.7996485061511424
6049,49,4,6,0.515484094619751,0.9274725274725275,1.9211949110031128,0.7978910369068541
6050,50,4,6,0.5076180696487427,0.9283516483516484,1.9330676794052124,0.7961335676625659
6051,51,4,6,0.5000918507575989,0.9274725274725275,1.9428170919418335,0.7961335676625659
6052,52,4,6,0.4927802085876465,0.9296703296703297,1.9500937461853027,0.7961335676625659
6053,53,4,6,0.485556960105896,0.930989010989011,1.9551842212677002,0.7961335676625659
6054,54,4,6,0.4783014953136444,0.9318681318681319,1.9584591388702393,0.7961335676625659
6055,55,4,6,0.4711454212665558,0.9331868131868132,1.9609355926513672,0.7961335676625659
6056,56,4,6,0.4641856551170349,0.9340659340659341,1.9635670185089111,0.7978910369068541
6057,57,4,6,0.4574563503265381,0.9353846153846154,1.9667198657989502,0.7978910369068541
6058,58,4,6,0.45083409547805786,0.9358241758241759,1.9711036682128906,0.7978910369068541
6059,59,4,6,0.4442934989929199,0.9367032967032967,1.9764562845230103,0.7961335676625659
6060,60,4,6,0.4378513693809509,0.9362637362637363,1.9824340343475342,0.7978910369068541
6061,61,4,6,0.43159493803977966,0.9371428571428572,1.988387942314148,0.7978910369068541
6062,62,4,6,0.42544740438461304,0.9371428571428572,1.993101716041565,0.7961335676625659
6063,63,4,6,0.4193570911884308,0.9375824175824176,1.9966522455215454,0.7961335676625659
6064,64,4,6,0.41333943605422974,0.9384615384615385,1.9995684623718262,0.7943760984182777
6065,65,4,6,0.4074426591396332,0.9384615384615385,2.002582550048828,0.7943760984182777
6066,66,4,6,0.40168240666389465,0.9393406593406594,2.0067226886749268,0.7961335676625659
6067,67,4,6,0.39600762724876404,0.9402197802197803,2.012753486633301,0.7961335676625659
6068,68,4,6,0.3903619050979614,0.9406593406593406,2.020217180252075,0.7961335676625659
6069,69,4,6,0.3847942650318146,0.9419780219780219,2.028301477432251,0.7961335676625659
6070,70,4,6,0.37931913137435913,0.9424175824175824,2.0358006954193115,0.7961335676625659
6071,71,4,6,0.3739289939403534,0.9437362637362637,2.041363477706909,0.7961335676625659
6072,72,4,6,0.36860349774360657,0.9441758241758241,2.044327735900879,0.7943760984182777
6073,73,4,6,0.3633587062358856,0.9437362637362637,2.045029878616333,0.7943760984182777
6074,74,4,6,0.3582285940647125,0.9437362637362637,2.044708251953125,0.7961335676625659
6075,75,4,6,0.35320934653282166,0.9441758241758241,2.0448057651519775,0.7978910369068541
6076,76,4,6,0.3482646346092224,0.945054945054945,2.046400308609009,0.7978910369068541
6077,77,4,6,0.34337759017944336,0.9454945054945055,2.05027437210083,0.7978910369068541
6078,78,4,6,0.33854544162750244,0.9459340659340659,2.0557076930999756,0.7978910369068541
6079,79,4,6,0.33380934596061707,0.9459340659340659,2.061204433441162,0.7978910369068541
6080,80,4,6,0.32915985584259033,0.9459340659340659,2.065774917602539,0.7996485061511424
6081,81,4,6,0.32454636693000793,0.9472527472527472,2.069072961807251,0.8014059753954306
6082,82,4,6,0.31998294591903687,0.949010989010989,2.0718698501586914,0.7996485061511424
6083,83,4,6,0.31549838185310364,0.949010989010989,2.075284004211426,0.7996485061511424
6084,84,4,6,0.3110900819301605,0.949010989010989,2.0798423290252686,0.7996485061511424
6085,85,4,6,0.30674347281455994,0.949010989010989,2.0853347778320312,0.7996485061511424
6086,86,4,6,0.3024508059024811,0.9494505494505494,2.0907788276672363,0.7996485061511424
6087,87,4,6,0.298237144947052,0.9512087912087912,2.095330238342285,0.7996485061511424
6088,88,4,6,0.2940901219844818,0.9512087912087912,2.0983707904815674,0.7996485061511424
6089,89,4,6,0.28998541831970215,0.9516483516483516,2.100209951400757,0.8014059753954306
6090,90,4,6,0.2859225571155548,0.9534065934065934,2.1017937660217285,0.8014059753954306
6091,91,4,6,0.2819032371044159,0.9547252747252747,2.1039788722991943,0.8014059753954306
6092,92,4,6,0.277944415807724,0.9551648351648352,2.1072885990142822,0.7996485061511424
6093,93,4,6,0.2740332782268524,0.9564835164835165,2.1117844581604004,0.8014059753954306
6094,94,4,6,0.2701748013496399,0.9573626373626374,2.1165401935577393,0.8014059753954306
6095,95,4,6,0.26637405157089233,0.9578021978021978,2.1209535598754883,0.7996485061511424
6096,96,4,6,0.26261869072914124,0.9582417582417583,2.124901533126831,0.7996485061511424
6097,97,4,6,0.2589212954044342,0.9582417582417583,2.1289944648742676,0.7996485061511424
6098,98,4,6,0.25527846813201904,0.9586813186813187,2.1330385208129883,0.7996485061511424
6099,99,4,6,0.25168198347091675,0.9595604395604396,2.137160539627075,0.7996485061511424
6100,100,4,6,0.24813979864120483,0.9595604395604396,2.1414263248443604,0.8014059753954306
6101,101,4,6,0.24465544521808624,0.96,2.145998001098633,0.8014059753954306
6102,102,4,6,0.24123194813728333,0.9604395604395605,2.1507837772369385,0.8014059753954306
6103,103,4,6,0.2378520518541336,0.9608791208791209,2.1559553146362305,0.8014059753954306
6104,104,4,6,0.2345093935728073,0.9613186813186814,2.16120982170105,0.8014059753954306
6105,105,4,6,0.23121118545532227,0.9613186813186814,2.165954113006592,0.8014059753954306
6106,106,4,6,0.22796165943145752,0.9635164835164836,2.170175790786743,0.8014059753954306
6107,107,4,6,0.22475479543209076,0.963956043956044,2.1743056774139404,0.8014059753954306
6108,108,4,6,0.2215958684682846,0.9643956043956043,2.178685426712036,0.8031634446397188
6109,109,4,6,0.21847547590732574,0.9657142857142857,2.183715581893921,0.8014059753954306
6110,110,4,6,0.21539850533008575,0.9657142857142857,2.1891117095947266,0.8014059753954306
6111,111,4,6,0.2123711109161377,0.9661538461538461,2.194171190261841,0.8014059753954306
6112,112,4,6,0.20938871800899506,0.9661538461538461,2.1984362602233887,0.8014059753954306
6113,113,4,6,0.2064504474401474,0.9661538461538461,2.2021281719207764,0.8014059753954306
6114,114,4,6,0.20355279743671417,0.9665934065934066,2.2054836750030518,0.7996485061511424
6115,115,4,6,0.2007015347480774,0.9679120879120879,2.2088167667388916,0.7996485061511424
6116,116,4,6,0.19789764285087585,0.9692307692307692,2.212523937225342,0.7996485061511424
6117,117,4,6,0.1951311081647873,0.9696703296703296,2.2174689769744873,0.7996485061511424
6118,118,4,6,0.19239456951618195,0.9701098901098901,2.2227346897125244,0.7996485061511424
6119,119,4,6,0.18970069289207458,0.9701098901098901,2.2276594638824463,0.7996485061511424
6120,120,4,6,0.18704341351985931,0.9701098901098901,2.232804775238037,0.7996485061511424
6121,121,4,6,0.18442244827747345,0.9705494505494505,2.237572431564331,0.7996485061511424
6122,122,4,6,0.18183796107769012,0.970989010989011,2.2415947914123535,0.7996485061511424
6123,123,4,6,0.1792936623096466,0.9723076923076923,2.245020866394043,0.7996485061511424
6124,124,4,6,0.17678892612457275,0.9723076923076923,2.2485909461975098,0.7996485061511424
6125,125,4,6,0.17432036995887756,0.9731868131868132,2.252668619155884,0.7978910369068541
6126,126,4,6,0.1718856245279312,0.9731868131868132,2.2565371990203857,0.7978910369068541
6127,127,4,6,0.16948534548282623,0.9731868131868132,2.2595791816711426,0.7978910369068541
6128,128,4,6,0.16711363196372986,0.9745054945054945,2.2623562812805176,0.7961335676625659
6129,129,4,6,0.16476918756961823,0.9745054945054945,2.265402317047119,0.7961335676625659
6130,130,4,6,0.16245898604393005,0.9753846153846154,2.2690775394439697,0.7943760984182777
6131,131,4,6,0.16017548739910126,0.9753846153846154,2.2731096744537354,0.7961335676625659
6132,132,4,6,0.15791696310043335,0.9762637362637363,2.2767984867095947,0.7961335676625659
6133,133,4,6,0.15568749606609344,0.9767032967032967,2.2798924446105957,0.7978910369068541
6134,134,4,6,0.15348564088344574,0.9775824175824176,2.2832486629486084,0.7978910369068541
6135,135,4,6,0.15131162106990814,0.978021978021978,2.2866313457489014,0.7978910369068541
6136,136,4,6,0.1491660624742508,0.978021978021978,2.2900543212890625,0.7978910369068541
6137,137,4,6,0.1470492035150528,0.9789010989010989,2.2934093475341797,0.7961335676625659
6138,138,4,6,0.1449611634016037,0.9793406593406594,2.297288179397583,0.7961335676625659
6139,139,4,6,0.1429021656513214,0.9793406593406594,2.301835536956787,0.7961335676625659
6140,140,4,6,0.14087022840976715,0.9806593406593407,2.306715488433838,0.7961335676625659
6141,141,4,6,0.13887104392051697,0.9810989010989011,2.3112668991088867,0.7961335676625659
6142,142,4,6,0.13690435886383057,0.9824175824175824,2.315066337585449,0.7943760984182777
6143,143,4,6,0.13496263325214386,0.9828571428571429,2.3188531398773193,0.7943760984182777
6144,144,4,6,0.13305379450321198,0.9828571428571429,2.323145866394043,0.7943760984182777
6145,145,4,6,0.13117024302482605,0.9832967032967033,2.327239990234375,0.7943760984182777
6146,146,4,6,0.12931647896766663,0.9832967032967033,2.3307273387908936,0.7943760984182777
6147,147,4,6,0.12748798727989197,0.9832967032967033,2.3335018157958984,0.7943760984182777
6148,148,4,6,0.12568555772304535,0.9832967032967033,2.3364696502685547,0.7943760984182777
6149,149,4,6,0.12390773743391037,0.9832967032967033,2.339211940765381,0.7943760984182777
6150,150,4,6,0.12215422838926315,0.9832967032967033,2.3426334857940674,0.7943760984182777
6151,151,4,6,0.12042627483606339,0.9832967032967033,2.3459997177124023,0.7943760984182777
6152,152,4,6,0.1187184751033783,0.9841758241758242,2.3488848209381104,0.7943760984182777
6153,153,4,6,0.1170353889465332,0.9850549450549451,2.3520748615264893,0.7943760984182777
6154,154,4,6,0.11537756025791168,0.9863736263736264,2.355492353439331,0.7961335676625659
6155,155,4,6,0.11374464631080627,0.9863736263736264,2.358945608139038,0.7961335676625659
6156,156,4,6,0.11213073134422302,0.9868131868131869,2.362291097640991,0.7978910369068541
6157,157,4,6,0.11053081601858139,0.9876923076923076,2.3656728267669678,0.7961335676625659
6158,158,4,6,0.10895375907421112,0.9881318681318682,2.369832992553711,0.7943760984182777
6159,159,4,6,0.1073952466249466,0.9881318681318682,2.3741719722747803,0.7943760984182777
6160,160,4,6,0.10585848987102509,0.9885714285714285,2.3783164024353027,0.7943760984182777
6161,161,4,6,0.10434295982122421,0.989010989010989,2.3821985721588135,0.7961335676625659
6162,162,4,6,0.10284295678138733,0.989010989010989,2.385878562927246,0.7961335676625659
6163,163,4,6,0.10136662423610687,0.9894505494505494,2.3888330459594727,0.7961335676625659
6164,164,4,6,0.09991089999675751,0.9894505494505494,2.39139461517334,0.7961335676625659
6165,165,4,6,0.09847135096788406,0.9894505494505494,2.3944976329803467,0.7961335676625659
6166,166,4,6,0.09704919904470444,0.9894505494505494,2.39784836769104,0.7961335676625659
6167,167,4,6,0.09565280377864838,0.9894505494505494,2.401217222213745,0.7961335676625659
6168,168,4,6,0.0942746251821518,0.9894505494505494,2.4043610095977783,0.7978910369068541
6169,169,4,6,0.09291088581085205,0.9894505494505494,2.407061815261841,0.7961335676625659
6170,170,4,6,0.0915650874376297,0.9894505494505494,2.4102258682250977,0.7961335676625659
6171,171,4,6,0.09023981541395187,0.9894505494505494,2.4137256145477295,0.7961335676625659
6172,172,4,6,0.08893230557441711,0.9898901098901098,2.4170448780059814,0.7961335676625659
6173,173,4,6,0.08763975650072098,0.9903296703296703,2.4210050106048584,0.7961335676625659
6174,174,4,6,0.08636551350355148,0.9903296703296703,2.4254941940307617,0.7961335676625659
6175,175,4,6,0.08510982245206833,0.9903296703296703,2.4287142753601074,0.7961335676625659
6176,176,4,6,0.08387644588947296,0.9907692307692307,2.43095064163208,0.7961335676625659
6177,177,4,6,0.08265881985425949,0.9907692307692307,2.4335222244262695,0.7961335676625659
6178,178,4,6,0.08146045356988907,0.9907692307692307,2.435858726501465,0.7961335676625659
6179,179,4,6,0.08028051257133484,0.9907692307692307,2.438473701477051,0.7961335676625659
6180,180,4,6,0.07911596447229385,0.9912087912087912,2.4417994022369385,0.7961335676625659
6181,181,4,6,0.07797173410654068,0.9912087912087912,2.445216178894043,0.7961335676625659
6182,182,4,6,0.07684364914894104,0.9912087912087912,2.4472692012786865,0.7961335676625659
6183,183,4,6,0.07573103904724121,0.9912087912087912,2.4486217498779297,0.7961335676625659
6184,184,4,6,0.0746387168765068,0.9912087912087912,2.4517860412597656,0.7961335676625659
6185,185,4,6,0.07355815917253494,0.9920879120879121,2.4549100399017334,0.7943760984182777
6186,186,4,6,0.07249683141708374,0.9925274725274725,2.457319498062134,0.7943760984182777
6187,187,4,6,0.07145122438669205,0.9925274725274725,2.4602880477905273,0.7943760984182777
6188,188,4,6,0.0704188346862793,0.9925274725274725,2.4634087085723877,0.7943760984182777
6189,189,4,6,0.06940475106239319,0.9929670329670329,2.4656176567077637,0.7943760984182777
6190,190,4,6,0.0684017688035965,0.9929670329670329,2.4675166606903076,0.7943760984182777
6191,191,4,6,0.06741449236869812,0.9929670329670329,2.470325469970703,0.7943760984182777
6192,192,4,6,0.06644240021705627,0.9929670329670329,2.4731974601745605,0.7943760984182777
6193,193,4,6,0.06548470258712769,0.9934065934065934,2.4758143424987793,0.7943760984182777
6194,194,4,6,0.06454328447580338,0.9934065934065934,2.4784507751464844,0.7961335676625659
6195,195,4,6,0.06361471861600876,0.9934065934065934,2.4807991981506348,0.7961335676625659
6196,196,4,6,0.06269941478967667,0.9934065934065934,2.482513904571533,0.7961335676625659
6197,197,4,6,0.061795756220817566,0.9938461538461538,2.4846034049987793,0.7943760984182777
6198,198,4,6,0.060907356441020966,0.9938461538461538,2.487409830093384,0.7943760984182777
6199,199,4,6,0.060030799359083176,0.9938461538461538,2.489091396331787,0.7943760984182777
6200,200,4,6,0.05916137248277664,0.9938461538461538,2.4910390377044678,0.7943760984182777
6201,201,4,6,0.05830778554081917,0.9938461538461538,2.493910551071167,0.7943760984182777
6202,202,4,6,0.057469066232442856,0.9938461538461538,2.4960031509399414,0.7943760984182777
6203,203,4,6,0.056635987013578415,0.9938461538461538,2.4972214698791504,0.7943760984182777
6204,204,4,6,0.055813614279031754,0.9942857142857143,2.498382091522217,0.7926186291739895
6205,205,4,6,0.05500367283821106,0.9942857142857143,2.499534845352173,0.7926186291739895
6206,206,4,6,0.05420728772878647,0.9942857142857143,2.5023064613342285,0.7943760984182777
6207,207,4,6,0.05341922119259834,0.9942857142857143,2.504763603210449,0.7943760984182777
6208,208,4,6,0.05264539644122124,0.9942857142857143,2.5057172775268555,0.7943760984182777
6209,209,4,6,0.051883552223443985,0.9942857142857143,2.5061962604522705,0.7943760984182777
6210,210,4,6,0.05113402381539345,0.9942857142857143,2.508596181869507,0.7943760984182777
6211,211,4,6,0.05039330571889877,0.9942857142857143,2.5120701789855957,0.7943760984182777
6212,212,4,6,0.04966399818658829,0.9947252747252747,2.513211250305176,0.7943760984182777
6213,213,4,6,0.04894180968403816,0.9947252747252747,2.5142805576324463,0.7943760984182777
6214,214,4,6,0.04823168367147446,0.9951648351648351,2.5174124240875244,0.7943760984182777
6215,215,4,6,0.04753545671701431,0.9951648351648351,2.5196778774261475,0.7943760984182777
6216,216,4,6,0.046845972537994385,0.9951648351648351,2.521721124649048,0.7943760984182777
6217,217,4,6,0.04616929590702057,0.9951648351648351,2.5248024463653564,0.7943760984182777
6218,218,4,6,0.04550011456012726,0.9951648351648351,2.5259954929351807,0.7943760984182777
6219,219,4,6,0.04484204202890396,0.9951648351648351,2.527069091796875,0.7943760984182777
6220,220,4,6,0.04419288784265518,0.9951648351648351,2.5282983779907227,0.7943760984182777
6221,221,4,6,0.0435536652803421,0.9951648351648351,2.5308797359466553,0.7943760984182777
6222,222,4,6,0.04291781410574913,0.9951648351648351,2.5341551303863525,0.7943760984182777
6223,223,4,6,0.042295243591070175,0.9956043956043956,2.5363430976867676,0.7943760984182777
6224,224,4,6,0.04168028384447098,0.9956043956043956,2.5383737087249756,0.7926186291739895
6225,225,4,6,0.0410747267305851,0.9956043956043956,2.541757106781006,0.7926186291739895
6226,226,4,6,0.040475498884916306,0.9956043956043956,2.543840169906616,0.7926186291739895
6227,227,4,6,0.03988877311348915,0.9956043956043956,2.544114351272583,0.7908611599297012
6228,228,4,6,0.03930772468447685,0.9956043956043956,2.546490430831909,0.7908611599297012
6229,229,4,6,0.03873901069164276,0.9956043956043956,2.5493850708007812,0.7908611599297012
6230,230,4,6,0.0381755530834198,0.9956043956043956,2.5510032176971436,0.7908611599297012
6231,231,4,6,0.03762175887823105,0.996043956043956,2.552814483642578,0.7908611599297012
6232,232,4,6,0.0370752178132534,0.996043956043956,2.5544629096984863,0.7908611599297012
6233,233,4,6,0.0365382544696331,0.996043956043956,2.555962085723877,0.7908611599297012
6234,234,4,6,0.03600607439875603,0.996043956043956,2.5586774349212646,0.7908611599297012
6235,235,4,6,0.035484082996845245,0.996043956043956,2.560838222503662,0.7908611599297012
6236,236,4,6,0.03497486189007759,0.996043956043956,2.561647415161133,0.7908611599297012
6237,237,4,6,0.03446241468191147,0.996043956043956,2.5634536743164062,0.789103690685413
6238,238,4,6,0.03396545350551605,0.996043956043956,2.5655558109283447,0.789103690685413
6239,239,4,6,0.03346932679414749,0.996043956043956,2.567003011703491,0.789103690685413
6240,240,4,6,0.03298432007431984,0.996043956043956,2.568572759628296,0.789103690685413
6241,241,4,6,0.03250489756464958,0.9964835164835165,2.5704188346862793,0.789103690685413
6242,242,4,6,0.0320332869887352,0.9964835164835165,2.5722403526306152,0.789103690685413
6243,243,4,6,0.031566303223371506,0.9964835164835165,2.573117971420288,0.789103690685413
6244,244,4,6,0.031105857342481613,0.9973626373626374,2.5750339031219482,0.789103690685413
6245,245,4,6,0.030650600790977478,0.9973626373626374,2.577481985092163,0.7873462214411248
6246,246,4,6,0.0302059818059206,0.9973626373626374,2.5786402225494385,0.7855887521968365
6247,247,4,6,0.029768895357847214,0.9973626373626374,2.5789380073547363,0.7855887521968365
6248,248,4,6,0.02933390811085701,0.9973626373626374,2.580772876739502,0.7873462214411248
6249,249,4,6,0.028909238055348396,0.9973626373626374,2.583272933959961,0.7838312829525483
6250,250,4,6,0.028491217643022537,0.9973626373626374,2.5841450691223145,0.7855887521968365
6251,251,4,6,0.028078487142920494,0.9973626373626374,2.5843570232391357,0.7855887521968365
6252,252,4,6,0.027672607451677322,0.9973626373626374,2.5853211879730225,0.7855887521968365
6253,253,4,6,0.027270464226603508,0.9973626373626374,2.586838722229004,0.7855887521968365
6254,254,4,6,0.026876263320446014,0.9973626373626374,2.5879385471343994,0.7855887521968365
6255,255,4,6,0.02649056911468506,0.9973626373626374,2.5893659591674805,0.7855887521968365
6256,256,4,6,0.026107657700777054,0.9973626373626374,2.5913054943084717,0.7855887521968365
6257,257,4,6,0.02573646977543831,0.9973626373626374,2.590649127960205,0.7855887521968365
6258,258,4,6,0.025365442037582397,0.9973626373626374,2.5916905403137207,0.7855887521968365
6259,259,4,6,0.02499961666762829,0.9973626373626374,2.592623472213745,0.7855887521968365
6260,260,4,6,0.024640055373311043,0.9978021978021978,2.5939502716064453,0.7855887521968365
6261,261,4,6,0.024286650121212006,0.9978021978021978,2.5957210063934326,0.7855887521968365
6262,262,4,6,0.02393936924636364,0.9982417582417582,2.5958688259124756,0.7855887521968365
6263,263,4,6,0.0235951729118824,0.9982417582417582,2.5961837768554688,0.7855887521968365
6264,264,4,6,0.023257261142134666,0.9982417582417582,2.5972988605499268,0.7855887521968365
6265,265,4,6,0.02292775921523571,0.9982417582417582,2.5973658561706543,0.7855887521968365
6266,266,4,6,0.022597327828407288,0.9982417582417582,2.5981838703155518,0.7855887521968365
6267,267,4,6,0.022278504446148872,0.9982417582417582,2.6017417907714844,0.7855887521968365
6268,268,4,6,0.02195831388235092,0.9982417582417582,2.602283000946045,0.7855887521968365
6269,269,4,6,0.021644966676831245,0.9982417582417582,2.602879762649536,0.7855887521968365
6270,270,4,6,0.021336259320378304,0.9982417582417582,2.6033871173858643,0.7873462214411248
6271,271,4,6,0.02103332243859768,0.9982417582417582,2.6044251918792725,0.7873462214411248
6272,272,4,6,0.020733578130602837,0.9982417582417582,2.6067798137664795,0.7873462214411248
6273,273,4,6,0.020443089306354523,0.9982417582417582,2.608769655227661,0.7873462214411248
6274,274,4,6,0.020150557160377502,0.9982417582417582,2.609017848968506,0.7873462214411248
6275,275,4,6,0.019866151735186577,0.9982417582417582,2.6111667156219482,0.7855887521968365
6276,276,4,6,0.019585393369197845,0.9982417582417582,2.6130082607269287,0.7855887521968365
6277,277,4,6,0.019304607063531876,0.9982417582417582,2.6127116680145264,0.7873462214411248
6278,278,4,6,0.019035283476114273,0.9982417582417582,2.6137640476226807,0.7855887521968365
6279,279,4,6,0.018766457214951515,0.9982417582417582,2.6134936809539795,0.7855887521968365
6280,280,4,6,0.01850108429789543,0.9982417582417582,2.6160216331481934,0.7838312829525483
6281,281,4,6,0.01823953539133072,0.9982417582417582,2.6188697814941406,0.7838312829525483
6282,282,4,6,0.01798534207046032,0.9982417582417582,2.618445634841919,0.7838312829525483
6283,283,4,6,0.017732983455061913,0.9982417582417582,2.6194045543670654,0.7838312829525483
6284,284,4,6,0.01748490519821644,0.9982417582417582,2.620230197906494,0.7838312829525483
6285,285,4,6,0.01723777875304222,0.9982417582417582,2.6201698780059814,0.7838312829525483
6286,286,4,6,0.016998374834656715,0.9982417582417582,2.6229543685913086,0.7820738137082601
6287,287,4,6,0.01676184870302677,0.9982417582417582,2.6226439476013184,0.7820738137082601
6288,288,4,6,0.016526643186807632,0.9982417582417582,2.6230554580688477,0.7838312829525483
6289,289,4,6,0.016295509412884712,0.9982417582417582,2.625886917114258,0.7820738137082601
6290,290,4,6,0.0160676296800375,0.9991208791208791,2.6264872550964355,0.7820738137082601
6291,291,4,6,0.015842163935303688,0.9991208791208791,2.6262829303741455,0.7820738137082601
6292,292,4,6,0.015621058642864227,0.9991208791208791,2.6275525093078613,0.7820738137082601
6293,293,4,6,0.015405738726258278,0.9991208791208791,2.627364158630371,0.7820738137082601
6294,294,4,6,0.015193427912890911,0.9991208791208791,2.62817120552063,0.7820738137082601
6295,295,4,6,0.014978310093283653,0.9991208791208791,2.630079746246338,0.7820738137082601
6296,296,4,6,0.014772051945328712,0.9991208791208791,2.63051176071167,0.7820738137082601
6297,297,4,6,0.014563572593033314,0.9995604395604396,2.6321308612823486,0.7820738137082601
6298,298,4,6,0.014360258355736732,0.9995604395604396,2.632823944091797,0.7838312829525483
6299,299,4,6,0.014162828214466572,0.9995604395604396,2.6326894760131836,0.7838312829525483
6300,300,4,6,0.013969442807137966,0.9995604395604396,2.6334524154663086,0.7838312829525483
6301,301,4,6,0.013771048747003078,0.9995604395604396,2.6340935230255127,0.7838312829525483
6302,302,4,6,0.01358070969581604,0.9995604395604396,2.6360232830047607,0.7820738137082601
6303,303,4,6,0.013392011635005474,0.9995604395604396,2.636802911758423,0.7820738137082601
6304,304,4,6,0.013203919865190983,0.9995604395604396,2.637172222137451,0.7820738137082601
6305,305,4,6,0.013020375743508339,0.9995604395604396,2.63989520072937,0.7820738137082601
6306,306,4,6,0.012840869836509228,0.9995604395604396,2.6391289234161377,0.7838312829525483
6307,307,4,6,0.01265992596745491,0.9995604395604396,2.6405861377716064,0.7820738137082601
6308,308,4,6,0.012481659650802612,0.9995604395604396,2.64260196685791,0.7820738137082601
6309,309,4,6,0.012309153564274311,0.9995604395604396,2.64280366897583,0.7820738137082601
6310,310,4,6,0.0121383685618639,0.9995604395604396,2.6435635089874268,0.7820738137082601
6311,311,4,6,0.011974591761827469,1.0,2.6437721252441406,0.7820738137082601
6312,312,4,6,0.01180552039295435,1.0,2.6434543132781982,0.7820738137082601
6313,313,4,6,0.011642039753496647,1.0,2.6454453468322754,0.7820738137082601
6314,314,4,6,0.01148397009819746,1.0,2.6447834968566895,0.7820738137082601
6315,315,4,6,0.011323919519782066,1.0,2.6459906101226807,0.7820738137082601
6316,316,4,6,0.011168423108756542,1.0,2.646761417388916,0.7820738137082601
6317,317,4,6,0.011014205403625965,1.0,2.6474714279174805,0.7820738137082601
6318,318,4,6,0.010863078758120537,1.0,2.6484735012054443,0.7820738137082601
6319,319,4,6,0.010714896023273468,1.0,2.6478068828582764,0.7820738137082601
6320,320,4,6,0.010566254146397114,1.0,2.6491146087646484,0.7820738137082601
6321,321,4,6,0.010420489124953747,1.0,2.649672508239746,0.7820738137082601
6322,322,4,6,0.010277507826685905,1.0,2.6498610973358154,0.7820738137082601
6323,323,4,6,0.010137489065527916,1.0,2.652810573577881,0.7820738137082601
6324,324,4,6,0.010000644251704216,1.0,2.650885581970215,0.7820738137082601
6325,325,4,6,0.009864253923296928,1.0,2.6543281078338623,0.7820738137082601
6326,326,4,6,0.009727392345666885,1.0,2.653723955154419,0.7820738137082601
6327,327,4,6,0.009594462811946869,1.0,2.6548633575439453,0.7820738137082601
6328,328,4,6,0.009461192414164543,1.0,2.6558613777160645,0.7803163444639719
6329,329,4,6,0.009335553273558617,1.0,2.656402111053467,0.7785588752196837
6330,330,4,6,0.009207535535097122,1.0,2.658003330230713,0.7785588752196837
6331,331,4,6,0.009081874042749405,1.0,2.6582634449005127,0.7785588752196837
6332,332,4,6,0.008956413716077805,1.0,2.657656669616699,0.7785588752196837
6333,333,4,6,0.008834904059767723,1.0,2.6603288650512695,0.7785588752196837
6334,334,4,6,0.008715031668543816,1.0,2.659722328186035,0.7803163444639719
6335,335,4,6,0.008598051965236664,1.0,2.661694049835205,0.7785588752196837
6336,336,4,6,0.008478416129946709,1.0,2.6615841388702393,0.7785588752196837
6337,337,4,6,0.008361740969121456,1.0,2.6622157096862793,0.7785588752196837
6338,338,4,6,0.008247234858572483,1.0,2.6636850833892822,0.7785588752196837
6339,339,4,6,0.00813569501042366,1.0,2.6627466678619385,0.7785588752196837
6340,340,4,6,0.008026073686778545,1.0,2.6662299633026123,0.7768014059753954
6341,341,4,6,0.007915470749139786,1.0,2.6642847061157227,0.7768014059753954
6342,342,4,6,0.0078085060231387615,1.0,2.6662850379943848,0.7768014059753954
6343,343,4,6,0.007698501460254192,1.0,2.665311574935913,0.7768014059753954
6344,344,4,6,0.007592883892357349,1.0,2.667267322540283,0.7768014059753954
6345,345,4,6,0.007487244438380003,1.0,2.6680657863616943,0.7768014059753954
6346,346,4,6,0.0073862504214048386,1.0,2.6673221588134766,0.7768014059753954
6347,347,4,6,0.00728207640349865,1.0,2.6698882579803467,0.7768014059753954
6348,348,4,6,0.007181989029049873,1.0,2.6695187091827393,0.7768014059753954
6349,349,4,6,0.0070841205306351185,1.0,2.672189950942993,0.7768014059753954
6350,350,4,6,0.006986753549426794,1.0,2.670114755630493,0.7768014059753954
6351,351,4,6,0.006889901589602232,1.0,2.673173666000366,0.7768014059753954
6352,352,4,6,0.006793437525629997,1.0,2.672004222869873,0.7768014059753954
6353,353,4,6,0.006701901089400053,1.0,2.674718141555786,0.7768014059753954
6354,354,4,6,0.0066086542792618275,1.0,2.671828031539917,0.7768014059753954
6355,355,4,6,0.006519390735775232,1.0,2.675781726837158,0.7768014059753954
6356,356,4,6,0.006428994704037905,1.0,2.6732046604156494,0.7768014059753954
6357,357,4,6,0.006342150270938873,1.0,2.677330493927002,0.7768014059753954
6358,358,4,6,0.006251493934541941,1.0,2.6750283241271973,0.7768014059753954
6359,359,4,6,0.006163435988128185,1.0,2.677736520767212,0.7768014059753954
6360,360,4,6,0.006079613696783781,1.0,2.6766505241394043,0.7768014059753954
6361,361,4,6,0.005994228180497885,1.0,2.678746461868286,0.7768014059753954
6362,362,4,6,0.0059126014821231365,1.0,2.676313877105713,0.7768014059753954
6363,363,4,6,0.005829573608934879,1.0,2.679858446121216,0.7768014059753954
6364,364,4,6,0.005753548350185156,1.0,2.6788923740386963,0.7768014059753954
6365,365,4,6,0.005671727005392313,1.0,2.6820614337921143,0.7768014059753954
6366,366,4,6,0.005595076829195023,1.0,2.679382085800171,0.7768014059753954
6367,367,4,6,0.005516828503459692,1.0,2.682637929916382,0.7785588752196837
6368,368,4,6,0.005444727372378111,1.0,2.6805057525634766,0.7785588752196837
6369,369,4,6,0.005367443431168795,1.0,2.6849069595336914,0.7768014059753954
6370,370,4,6,0.005298080388456583,1.0,2.681245803833008,0.7785588752196837
6371,371,4,6,0.005223236512392759,1.0,2.6849000453948975,0.7785588752196837
6372,372,4,6,0.0051514627411961555,1.0,2.682413339614868,0.7785588752196837
6373,373,4,6,0.005082061979919672,1.0,2.6868138313293457,0.7785588752196837
6374,374,4,6,0.005009616259485483,1.0,2.6845319271087646,0.7785588752196837
6375,375,4,6,0.004943519365042448,1.0,2.6879875659942627,0.7785588752196837
6376,376,4,6,0.004873902071267366,1.0,2.6842384338378906,0.7785588752196837
6377,377,4,6,0.004813676234334707,1.0,2.689012050628662,0.7785588752196837
6378,378,4,6,0.004748029634356499,1.0,2.6849842071533203,0.7785588752196837
6379,379,4,6,0.004691174253821373,1.0,2.6928372383117676,0.7785588752196837
6380,380,4,6,0.004636021796613932,1.0,2.6852216720581055,0.7785588752196837
6381,381,4,6,0.004584405105561018,1.0,2.6942381858825684,0.7785588752196837
6382,382,4,6,0.004539279732853174,1.0,2.6828083992004395,0.7785588752196837
6383,383,4,6,0.0045026745647192,1.0,2.698498249053955,0.7768014059753954
6384,384,4,6,0.004474067594856024,1.0,2.683177947998047,0.7785588752196837
6385,385,4,6,0.004438877571374178,1.0,2.700554370880127,0.7768014059753954
6386,386,4,6,0.004392836708575487,1.0,2.6832659244537354,0.7785588752196837
6387,387,4,6,0.00432760501280427,1.0,2.700800895690918,0.7750439367311072
6388,388,4,6,0.004245282616466284,1.0,2.687255859375,0.7785588752196837
6389,389,4,6,0.004155381117016077,1.0,2.6981427669525146,0.7768014059753954
6390,390,4,6,0.004067415837198496,1.0,2.689955234527588,0.7785588752196837
6391,391,4,6,0.003990653436630964,1.0,2.695892810821533,0.7785588752196837
6392,392,4,6,0.003921415191143751,1.0,2.696883201599121,0.7785588752196837
6393,393,4,6,0.003867385908961296,1.0,2.694486379623413,0.7785588752196837
6394,394,4,6,0.003823462873697281,1.0,2.700608253479004,0.7768014059753954
6395,395,4,6,0.0037899832241237164,1.0,2.6921069622039795,0.7785588752196837
6396,396,4,6,0.0037614265456795692,1.0,2.704111099243164,0.7750439367311072
6397,397,4,6,0.0037449970841407776,1.0,2.68898868560791,0.7785588752196837
6398,398,4,6,0.003740268060937524,1.0,2.707627773284912,0.773286467486819
6399,399,4,6,0.0037387614138424397,1.0,2.6877119541168213,0.7785588752196837
6400,400,4,6,0.0037328964099287987,1.0,2.710207462310791,0.773286467486819
6401,401,4,6,0.0037122590001672506,1.0,2.6864781379699707,0.7785588752196837
6402,402,4,6,0.003663591807708144,1.0,2.708813428878784,0.773286467486819
6403,403,4,6,0.003584600519388914,1.0,2.690429210662842,0.7785588752196837
6404,404,4,6,0.003482375992462039,1.0,2.7067055702209473,0.7750439367311072
6405,405,4,6,0.003375951200723648,1.0,2.6958088874816895,0.7768014059753954
6406,406,4,6,0.003281818702816963,1.0,2.7017104625701904,0.7768014059753954
6407,407,4,6,0.0032127953600138426,1.0,2.702519655227661,0.7768014059753954
6408,408,4,6,0.003168323542922735,1.0,2.698645830154419,0.7768014059753954
6409,409,4,6,0.0031442060135304928,1.0,2.7070579528808594,0.7750439367311072
6410,410,4,6,0.0031322140712291002,1.0,2.695284605026245,0.7768014059753954
6411,411,4,6,0.003125447314232588,1.0,2.7107341289520264,0.7750439367311072
6412,412,4,6,0.003124220995232463,1.0,2.6932196617126465,0.7768014059753954
6413,413,4,6,0.003120509907603264,1.0,2.713184356689453,0.7750439367311072
6414,414,4,6,0.003113118000328541,1.0,2.692457914352417,0.7768014059753954
6415,415,4,6,0.0030910696368664503,1.0,2.714512825012207,0.7750439367311072
6416,416,4,6,0.00305352034047246,1.0,2.6936216354370117,0.7768014059753954
6417,417,4,6,0.00298994779586792,1.0,2.712448835372925,0.7750439367311072
6418,418,4,6,0.0029107420705258846,1.0,2.696864366531372,0.7768014059753954
6419,419,4,6,0.0028234843630343676,1.0,2.7092177867889404,0.7768014059753954
6420,420,4,6,0.0027443603612482548,1.0,2.702233076095581,0.7768014059753954
6421,421,4,6,0.0026786825619637966,1.0,2.705376386642456,0.7768014059753954
6422,422,4,6,0.002632358344271779,1.0,2.7071611881256104,0.7768014059753954
6423,423,4,6,0.0026023234240710735,1.0,2.7024593353271484,0.7768014059753954
6424,424,4,6,0.0025834988337010145,1.0,2.711181402206421,0.7768014059753954
6425,425,4,6,0.0025767995975911617,1.0,2.6988937854766846,0.7768014059753954
6426,426,4,6,0.0025819321162998676,1.0,2.7149689197540283,0.7750439367311072
6427,427,4,6,0.002594951307401061,1.0,2.6972217559814453,0.7785588752196837
6428,428,4,6,0.0026163686998188496,1.0,2.7189202308654785,0.7750439367311072
6429,429,4,6,0.002646474866196513,1.0,2.6935012340545654,0.7785588752196837
6430,430,4,6,0.002673194743692875,1.0,2.7206220626831055,0.773286467486819
6431,431,4,6,0.0026846646796911955,1.0,2.693361282348633,0.7785588752196837
6432,432,4,6,0.002656780881807208,1.0,2.720855951309204,0.773286467486819
6433,433,4,6,0.0025881777983158827,1.0,2.695916175842285,0.7785588752196837
6434,434,4,6,0.002485675038769841,1.0,2.7173995971679688,0.7768014059753954
6435,435,4,6,0.002368092304095626,1.0,2.702868700027466,0.7803163444639719
6436,436,4,6,0.0022626775316894054,1.0,2.7122232913970947,0.7768014059753954
6437,437,4,6,0.002182749565690756,1.0,2.7084436416625977,0.7785588752196837
6438,438,4,6,0.0021374125499278307,1.0,2.7059786319732666,0.7785588752196837
6439,439,4,6,0.0021218399051576853,1.0,2.7142436504364014,0.7768014059753954
6440,440,4,6,0.002128544496372342,1.0,2.7016894817352295,0.7785588752196837
6441,441,4,6,0.0021492878440767527,1.0,2.7182459831237793,0.7768014059753954
6442,442,4,6,0.0021746139973402023,1.0,2.6992218494415283,0.7785588752196837
6443,443,4,6,0.0021908723283559084,1.0,2.721440076828003,0.7768014059753954
6444,444,4,6,0.0021971464157104492,1.0,2.698246479034424,0.7803163444639719
6445,445,4,6,0.0021846683230251074,1.0,2.7212417125701904,0.7768014059753954
6446,446,4,6,0.0021522059105336666,1.0,2.6999731063842773,0.7803163444639719
6447,447,4,6,0.002098304685205221,1.0,2.7205300331115723,0.7768014059753954
6448,448,4,6,0.002029683906584978,1.0,2.703234910964966,0.7803163444639719
6449,449,4,6,0.0019545636605471373,1.0,2.716540575027466,0.7768014059753954
6450,450,4,6,0.0018838081741705537,1.0,2.7081212997436523,0.7803163444639719
6451,451,4,6,0.0018289466388523579,1.0,2.7133827209472656,0.7785588752196837
6452,452,4,6,0.0017891682218760252,1.0,2.7110650539398193,0.7768014059753954
6453,453,4,6,0.0017616426339372993,1.0,2.7093617916107178,0.7785588752196837
6454,454,4,6,0.0017431394662708044,1.0,2.714400053024292,0.7768014059753954
6455,455,4,6,0.001732092467136681,1.0,2.7074079513549805,0.7803163444639719
6456,456,4,6,0.001726665417663753,1.0,2.7175233364105225,0.7768014059753954
6457,457,4,6,0.0017292705597355962,1.0,2.705108642578125,0.7803163444639719
6458,458,4,6,0.001742702559567988,1.0,2.7216498851776123,0.7768014059753954
6459,459,4,6,0.0017685750499367714,1.0,2.701982021331787,0.7803163444639719
6460,460,4,6,0.0018101739697158337,1.0,2.725541830062866,0.7750439367311072
6461,461,4,6,0.0018615912413224578,1.0,2.699368476867676,0.7803163444639719
6462,462,4,6,0.0019141690572723746,1.0,2.7291407585144043,0.773286467486819
6463,463,4,6,0.001960220281034708,1.0,2.696674346923828,0.7785588752196837
6464,464,4,6,0.0019832265097647905,1.0,2.7294721603393555,0.773286467486819
6465,465,4,6,0.0019760122522711754,1.0,2.698181629180908,0.7785588752196837
6466,466,4,6,0.0019123288802802563,1.0,2.7286155223846436,0.7750439367311072
6467,467,4,6,0.0018119134474545717,1.0,2.702880382537842,0.7803163444639719
6468,468,4,6,0.001680924673564732,1.0,2.7225911617279053,0.7768014059753954
6469,469,4,6,0.0015537980943918228,1.0,2.7101523876190186,0.7820738137082601
6470,470,4,6,0.0014557825634256005,1.0,2.7156591415405273,0.7785588752196837
6471,471,4,6,0.0014052720507606864,1.0,2.7173566818237305,0.7768014059753954
6472,472,4,6,0.0013976037735119462,1.0,2.709228277206421,0.7820738137082601
6473,473,4,6,0.0014209974324330688,1.0,2.722959518432617,0.7768014059753954
6474,474,4,6,0.0014591974904760718,1.0,2.7049789428710938,0.7803163444639719
6475,475,4,6,0.001509845838882029,1.0,2.727019786834717,0.7750439367311072
6476,476,4,6,0.0015532787656411529,1.0,2.702610731124878,0.7803163444639719
6477,477,4,6,0.0015740751987323165,1.0,2.7287278175354004,0.773286467486819
6478,478,4,6,0.0015715552726760507,1.0,2.7032699584960938,0.7803163444639719
6479,479,4,6,0.0015384283615276217,1.0,2.727802038192749,0.773286467486819
6480,480,4,6,0.0014810493448749185,1.0,2.7064292430877686,0.7820738137082601
6481,481,4,6,0.0014068996533751488,1.0,2.72434401512146,0.7768014059753954
6482,482,4,6,0.0013283032458275557,1.0,2.7106919288635254,0.7820738137082601
6483,483,4,6,0.0012616525636985898,1.0,2.7196593284606934,0.7768014059753954
6484,484,4,6,0.0012111151590943336,1.0,2.715593099594116,0.7803163444639719
6485,485,4,6,0.0011800837237387896,1.0,2.7159318923950195,0.7803163444639719
6486,486,4,6,0.0011652971152216196,1.0,2.720116376876831,0.7768014059753954
6487,487,4,6,0.0011636483250185847,1.0,2.712568998336792,0.7820738137082601
6488,488,4,6,0.0011738372268155217,1.0,2.724149227142334,0.7768014059753954
6489,489,4,6,0.0011950836051255465,1.0,2.7089409828186035,0.7820738137082601
6490,490,4,6,0.0012275301851332188,1.0,2.7276110649108887,0.7768014059753954
6491,491,4,6,0.0012666166294366121,1.0,2.70590877532959,0.7820738137082601
6492,492,4,6,0.0013085309183225036,1.0,2.7306621074676514,0.773286467486819
6493,493,4,6,0.00135031680110842,1.0,2.7036659717559814,0.7820738137082601
6494,494,4,6,0.0013861117186024785,1.0,2.732952833175659,0.773286467486819
6495,495,4,6,0.0014095768565312028,1.0,2.7033169269561768,0.7820738137082601
6496,496,4,6,0.0014035976491868496,1.0,2.732717275619507,0.773286467486819
6497,497,4,6,0.0013719301205128431,1.0,2.7040700912475586,0.7820738137082601
6498,498,4,6,0.0013109698193147779,1.0,2.7296319007873535,0.7750439367311072
6499,499,4,6,0.0012286966666579247,1.0,2.7083370685577393,0.7820738137082601
6500,500,4,6,0.0011370558058843017,1.0,2.725376844406128,0.7768014059753954
6501,501,4,6,0.0010529966093599796,1.0,2.7139663696289062,0.7803163444639719
6502,502,4,6,0.0009894606191664934,1.0,2.720324754714966,0.7785588752196837
6503,503,4,6,0.0009503299370408058,1.0,2.7198636531829834,0.7803163444639719
6504,504,4,6,0.0009359691175632179,1.0,2.715796709060669,0.7803163444639719
6505,505,4,6,0.0009400817798450589,1.0,2.724289894104004,0.7768014059753954
6506,506,4,6,0.000958800024818629,1.0,2.7117152214050293,0.7820738137082601
6507,507,4,6,0.000989726628176868,1.0,2.7283055782318115,0.7768014059753954
6508,508,4,6,0.001026695012114942,1.0,2.7083370685577393,0.7820738137082601
6509,509,4,6,0.0010677763493731618,1.0,2.7310822010040283,0.7750439367311072
6510,510,4,6,0.0011065804865211248,1.0,2.7064425945281982,0.7820738137082601
6511,511,4,6,0.0011337721953168511,1.0,2.7331278324127197,0.773286467486819
6512,512,4,6,0.0011498882668092847,1.0,2.70560884475708,0.7838312829525483
6513,513,4,6,0.0011461627436801791,1.0,2.7328102588653564,0.773286467486819
6514,514,4,6,0.0011242091422900558,1.0,2.707421064376831,0.7820738137082601
6515,515,4,6,0.0010760313598439097,1.0,2.7312872409820557,0.7750439367311072
6516,516,4,6,0.001013288740068674,1.0,2.710343360900879,0.7820738137082601
6517,517,4,6,0.0009446482290513813,1.0,2.7272439002990723,0.7768014059753954
6518,518,4,6,0.0008796387701295316,1.0,2.714907169342041,0.7803163444639719
6519,519,4,6,0.0008252413244917989,1.0,2.7236034870147705,0.7768014059753954
6520,520,4,6,0.0007873004651628435,1.0,2.719308614730835,0.7803163444639719
6521,521,4,6,0.0007639987743459642,1.0,2.71996808052063,0.7803163444639719
6522,522,4,6,0.0007536268094554543,1.0,2.7231621742248535,0.7768014059753954
6523,523,4,6,0.0007526620174758136,1.0,2.7168076038360596,0.7803163444639719
6524,524,4,6,0.0007602889672853053,1.0,2.7262167930603027,0.7768014059753954
6525,525,4,6,0.0007758292485959828,1.0,2.7137274742126465,0.7803163444639719
6526,526,4,6,0.0007976642809808254,1.0,2.7293145656585693,0.7768014059753954
6527,527,4,6,0.0008285390795208514,1.0,2.7105581760406494,0.7820738137082601
6528,528,4,6,0.0008677176083438098,1.0,2.732668876647949,0.7750439367311072
6529,529,4,6,0.000915894634090364,1.0,2.7081222534179688,0.7838312829525483
6530,530,4,6,0.0009658224298618734,1.0,2.7359161376953125,0.7750439367311072
6531,531,4,6,0.001020342344418168,1.0,2.705632448196411,0.7838312829525483
6532,532,4,6,0.0010685340967029333,1.0,2.7382700443267822,0.773286467486819
6533,533,4,6,0.0011123990407213569,1.0,2.7047691345214844,0.7838312829525483
6534,534,4,6,0.0011343634687364101,1.0,2.7393321990966797,0.773286467486819
6535,535,4,6,0.0011331483256071806,1.0,2.7050845623016357,0.7838312829525483
6536,536,4,6,0.001085552852600813,1.0,2.736807346343994,0.7750439367311072
6537,537,4,6,0.00100579799618572,1.0,2.7086610794067383,0.7838312829525483
6538,538,4,6,0.0008948962204158306,1.0,2.731900453567505,0.7750439367311072
6539,539,4,6,0.0007777972496114671,1.0,2.7155561447143555,0.7803163444639719
6540,540,4,6,0.0006778803071938455,1.0,2.724999189376831,0.7785588752196837
6541,541,4,6,0.0006162465433590114,1.0,2.723081111907959,0.7803163444639719
6542,542,4,6,0.0005968590267002583,1.0,2.7186553478240967,0.7803163444639719
6543,543,4,6,0.0006127796368673444,1.0,2.729062557220459,0.7750439367311072
6544,544,4,6,0.0006509370286948979,1.0,2.7137129306793213,0.7820738137082601
6545,545,4,6,0.0006985065992921591,1.0,2.733107328414917,0.7750439367311072
6546,546,4,6,0.0007462459616363049,1.0,2.7109415531158447,0.7838312829525483
6547,547,4,6,0.0007862200145609677,1.0,2.735562801361084,0.7750439367311072
6548,548,4,6,0.0008098834659904242,1.0,2.7103683948516846,0.7838312829525483
6549,549,4,6,0.0008086491725407541,1.0,2.735513210296631,0.7750439367311072
6550,550,4,6,0.0007851563859730959,1.0,2.7118518352508545,0.7838312829525483
6551,551,4,6,0.0007430034456774592,1.0,2.7333059310913086,0.7750439367311072
6552,552,4,6,0.0006884611211717129,1.0,2.7158422470092773,0.7803163444639719
6553,553,4,6,0.0006292894831858575,1.0,2.7300238609313965,0.7750439367311072
6554,554,4,6,0.0005768976407125592,1.0,2.719926595687866,0.7803163444639719
6555,555,4,6,0.0005361296352930367,1.0,2.725471019744873,0.7785588752196837
6556,556,4,6,0.0005109302001073956,1.0,2.724635362625122,0.7803163444639719
6557,557,4,6,0.0005009399028494954,1.0,2.722316265106201,0.7803163444639719
6558,558,4,6,0.0005030510947108269,1.0,2.728832244873047,0.7768014059753954
6559,559,4,6,0.0005139749264344573,1.0,2.7193074226379395,0.7803163444639719
6560,560,4,6,0.0005320563213899732,1.0,2.731661319732666,0.7750439367311072
6561,561,4,6,0.0005554183735512197,1.0,2.7164993286132812,0.7820738137082601
6562,562,4,6,0.0005838615470565856,1.0,2.734513998031616,0.7750439367311072
6563,563,4,6,0.0006173982983455062,1.0,2.7137115001678467,0.7838312829525483
6564,564,4,6,0.0006567370728589594,1.0,2.7373480796813965,0.7750439367311072
6565,565,4,6,0.0007030189735814929,1.0,2.711387872695923,0.7838312829525483
6566,566,4,6,0.00075419747736305,1.0,2.7402260303497314,0.7750439367311072
6567,567,4,6,0.0008040418033488095,1.0,2.709336757659912,0.7838312829525483
6568,568,4,6,0.0008432508911937475,1.0,2.7416439056396484,0.7750439367311072
6569,569,4,6,0.0008763661026023328,1.0,2.708225727081299,0.7838312829525483
6570,570,4,6,0.0008856164640747011,1.0,2.741929531097412,0.7750439367311072
6571,571,4,6,0.000875166617333889,1.0,2.709587812423706,0.7838312829525483
6572,572,4,6,0.0008287530508823693,1.0,2.7402591705322266,0.7750439367311072
6573,573,4,6,0.0007588229491375387,1.0,2.7131073474884033,0.7838312829525483
6574,574,4,6,0.0006640493520535529,1.0,2.7353756427764893,0.7750439367311072
6575,575,4,6,0.000567443436011672,1.0,2.718682289123535,0.7820738137082601
6576,576,4,6,0.00048225338105112314,1.0,2.7295331954956055,0.7768014059753954
6577,577,4,6,0.0004238670808263123,1.0,2.7251601219177246,0.7785588752196837
6578,578,4,6,0.0003965625073760748,1.0,2.7239761352539062,0.7785588752196837
6579,579,4,6,0.0003971396363340318,1.0,2.7307446002960205,0.7750439367311072
6580,580,4,6,0.00041777262231335044,1.0,2.719928741455078,0.7820738137082601
6581,581,4,6,0.00044952594907954335,1.0,2.734848976135254,0.7750439367311072
6582,582,4,6,0.00048352411249652505,1.0,2.7173376083374023,0.7838312829525483
6583,583,4,6,0.0005182920140214264,1.0,2.737440824508667,0.7750439367311072
6584,584,4,6,0.0005488710594363511,1.0,2.7151780128479004,0.7838312829525483
6585,585,4,6,0.0005719728651456535,1.0,2.7385175228118896,0.7750439367311072
6586,586,4,6,0.0005861390382051468,1.0,2.7145071029663086,0.7838312829525483
6587,587,4,6,0.0005896400543861091,1.0,2.738922357559204,0.7750439367311072
6588,588,4,6,0.0005813152529299259,1.0,2.7157278060913086,0.7838312829525483
6589,589,4,6,0.0005588845815509558,1.0,2.738128900527954,0.7750439367311072
6590,590,4,6,0.0005263789789751172,1.0,2.71771502494812,0.7820738137082601
6591,591,4,6,0.00048800010699778795,1.0,2.7359390258789062,0.7750439367311072
6592,592,4,6,0.0004479154304135591,1.0,2.7206532955169678,0.7803163444639719
6593,593,4,6,0.000408682826673612,1.0,2.7331600189208984,0.7750439367311072
6594,594,4,6,0.00037596869515255094,1.0,2.72401762008667,0.7803163444639719
6595,595,4,6,0.0003502065665088594,1.0,2.730771780014038,0.7768014059753954
6596,596,4,6,0.00033249356783926487,1.0,2.7269363403320312,0.7785588752196837
6597,597,4,6,0.00032106725848279893,1.0,2.7282967567443848,0.7785588752196837
6598,598,4,6,0.00031477148877456784,1.0,2.729304075241089,0.7785588752196837
6599,599,4,6,0.00031238500378094614,1.0,2.726660966873169,0.7803163444639719
6600,600,4,6,0.00031332080834545195,1.0,2.7314682006835938,0.7768014059753954
6601,601,4,6,0.0003174666780978441,1.0,2.7246224880218506,0.7803163444639719
6602,602,4,6,0.0003254238690715283,1.0,2.733855962753296,0.7750439367311072
6603,603,4,6,0.0003380922134965658,1.0,2.7224977016448975,0.7803163444639719
6604,604,4,6,0.00035926472628489137,1.0,2.7369022369384766,0.7750439367311072
6605,605,4,6,0.00039122565067373216,1.0,2.7189037799835205,0.7820738137082601
6606,606,4,6,0.0004395713622216135,1.0,2.7408316135406494,0.7750439367311072
6607,607,4,6,0.0005109749617986381,1.0,2.714498996734619,0.7820738137082601
6608,608,4,6,0.0006148688262328506,1.0,2.746643543243408,0.7750439367311072
6609,609,4,6,0.0007650075713172555,1.0,2.7082178592681885,0.7855887521968365
6610,610,4,6,0.0009605428203940392,1.0,2.7536017894744873,0.7715289982425307
6611,611,4,6,0.0012152990093454719,1.0,2.7012691497802734,0.7855887521968365
6612,612,4,6,0.0014814470196142793,1.0,2.759436845779419,0.7715289982425307
6613,613,4,6,0.0017298186430707574,1.0,2.6973729133605957,0.7873462214411248
6614,614,4,6,0.0018210880225524306,1.0,2.7585155963897705,0.7715289982425307
6615,615,4,6,0.00170515023637563,1.0,2.7026360034942627,0.7855887521968365
6616,616,4,6,0.001306086196564138,1.0,2.745375394821167,0.773286467486819
6617,617,4,6,0.0008044469868764281,1.0,2.719914674758911,0.7803163444639719
6618,618,4,6,0.00042259320616722107,1.0,2.7259228229522705,0.7803163444639719
6619,619,4,6,0.00034396062255837023,1.0,2.74004864692688,0.773286467486819
6620,620,4,6,0.0005307523533701897,1.0,2.7120838165283203,0.7838312829525483
6621,621,4,6,0.0007854662835597992,1.0,2.748868703842163,0.7715289982425307
6622,622,4,6,0.0009056979324668646,1.0,2.710279703140259,0.7838312829525483
6623,623,4,6,0.000809099932666868,1.0,2.742121934890747,0.773286467486819
6624,624,4,6,0.0005599576979875565,1.0,2.720924139022827,0.7785588752196837
6625,625,4,6,0.0003214079770259559,1.0,2.727595329284668,0.7768014059753954
6626,626,4,6,0.000240248569753021,1.0,2.736192226409912,0.773286467486819
6627,627,4,6,0.0003266934654675424,1.0,2.7171738147735596,0.7803163444639719
6628,628,4,6,0.0004715731483884156,1.0,2.7434020042419434,0.773286467486819
6629,629,4,6,0.0005518905818462372,1.0,2.7165088653564453,0.7803163444639719
6630,630,4,6,0.0005147465853951871,1.0,2.739119291305542,0.773286467486819
6631,631,4,6,0.00039288352127186954,1.0,2.7251765727996826,0.7785588752196837
6632,632,4,6,0.0002748000551946461,1.0,2.728717565536499,0.7785588752196837
6633,633,4,6,0.00023444643011316657,1.0,2.735703706741333,0.7750439367311072
6634,634,4,6,0.0002772984153125435,1.0,2.720991849899292,0.7803163444639719
6635,635,4,6,0.00034993962617591023,1.0,2.741504192352295,0.773286467486819
6636,636,4,6,0.00039290450513362885,1.0,2.7211055755615234,0.7803163444639719
6637,637,4,6,0.0003755895304493606,1.0,2.739666223526001,0.773286467486819
6638,638,4,6,0.0003126936499029398,1.0,2.7261786460876465,0.7785588752196837
6639,639,4,6,0.0002453648194205016,1.0,2.7319798469543457,0.7785588752196837
6640,640,4,6,0.00021026458125561476,1.0,2.733292818069458,0.773286467486819
6641,641,4,6,0.00021730537991970778,1.0,2.725696563720703,0.7785588752196837
6642,642,4,6,0.00025079294573515654,1.0,2.738430976867676,0.773286467486819
6643,643,4,6,0.00028162632952444255,1.0,2.7242610454559326,0.7803163444639719
6644,644,4,6,0.0002898593957070261,1.0,2.7386386394500732,0.773286467486819
6645,645,4,6,0.00027191167464479804,1.0,2.726393461227417,0.7785588752196837
6646,646,4,6,0.00024049938656389713,1.0,2.734711170196533,0.773286467486819
6647,647,4,6,0.00020954011415597051,1.0,2.7312211990356445,0.7785588752196837
6648,648,4,6,0.00019237594096921384,1.0,2.730515241622925,0.7785588752196837
6649,649,4,6,0.00019251748744864017,1.0,2.7358920574188232,0.773286467486819
6650,650,4,6,0.0002048408059636131,1.0,2.7278096675872803,0.7785588752196837
6651,651,4,6,0.00022106722462922335,1.0,2.73848295211792,0.773286467486819
6652,652,4,6,0.0002337813057238236,1.0,2.7269208431243896,0.7785588752196837
6653,653,4,6,0.00023921836691442877,1.0,2.7384581565856934,0.773286467486819
6654,654,4,6,0.00023823787341825664,1.0,2.727921724319458,0.7785588752196837
6655,655,4,6,0.00023464401601813734,1.0,2.7372043132781982,0.773286467486819
6656,656,4,6,0.00023474753834307194,1.0,2.7302958965301514,0.7785588752196837
6657,657,4,6,0.00024416903033852577,1.0,2.7349653244018555,0.7785588752196837
6658,658,4,6,0.0002708137035369873,1.0,2.7327563762664795,0.7768014059753954
6659,659,4,6,0.00032016931800171733,1.0,2.733344316482544,0.7785588752196837
6660,660,4,6,0.00040010191150940955,1.0,2.7343192100524902,0.7750439367311072
6661,661,4,6,0.0005142359877936542,1.0,2.7325186729431152,0.7820738137082601
6662,662,4,6,0.0006694801850244403,1.0,2.734565258026123,0.7750439367311072
6663,663,4,6,0.0008568533812649548,1.0,2.733607292175293,0.7838312829525483
6664,664,4,6,0.0010548662394285202,1.0,2.733027935028076,0.7750439367311072
6665,665,4,6,0.0012048297794535756,1.0,2.735715866088867,0.7838312829525483
6666,666,4,6,0.001241285353899002,1.0,2.7297425270080566,0.7768014059753954
6667,667,4,6,0.0011086829472333193,1.0,2.738455057144165,0.7803163444639719
6668,668,4,6,0.000829140015412122,1.0,2.725768566131592,0.7768014059753954
6669,669,4,6,0.0005106059834361076,1.0,2.7405335903167725,0.7750439367311072
6670,670,4,6,0.0003005766193382442,1.0,2.723437786102295,0.7803163444639719
6671,671,4,6,0.00027370612951926887,1.0,2.741456985473633,0.773286467486819
6672,672,4,6,0.0003933122497983277,1.0,2.7238786220550537,0.7838312829525483
6673,673,4,6,0.0005432366160675883,1.0,2.7404258251190186,0.7750439367311072
6674,674,4,6,0.0006044093170203269,1.0,2.7264785766601562,0.7838312829525483
6675,675,4,6,0.0005341781070455909,1.0,2.736933708190918,0.7750439367311072
6676,676,4,6,0.00036812835605815053,1.0,2.730520725250244,0.7803163444639719
6677,677,4,6,0.00020784643129445612,1.0,2.7328367233276367,0.7768014059753954
6678,678,4,6,0.00013633686467073858,1.0,2.7350401878356934,0.7750439367311072
6679,679,4,6,0.00017132471839431673,1.0,2.729750633239746,0.7803163444639719
6680,680,4,6,0.0002620587474666536,1.0,2.738457202911377,0.7750439367311072
6681,681,4,6,0.0003353909123688936,1.0,2.7280914783477783,0.7803163444639719
6682,682,4,6,0.00034779743873514235,1.0,2.739999771118164,0.7750439367311072
6683,683,4,6,0.0002984980237670243,1.0,2.7275333404541016,0.7803163444639719
6684,684,4,6,0.0002289514959556982,1.0,2.739797592163086,0.7750439367311072
6685,685,4,6,0.0001846084778662771,1.0,2.727968215942383,0.7803163444639719
6686,686,4,6,0.00018776133947540075,1.0,2.7397124767303467,0.7750439367311072
6687,687,4,6,0.0002280623884871602,1.0,2.7286901473999023,0.7768014059753954
6688,688,4,6,0.0002749503473751247,1.0,2.7403416633605957,0.7750439367311072
6689,689,4,6,0.0003010949876625091,1.0,2.728111743927002,0.7768014059753954
6690,690,4,6,0.0002948516921605915,1.0,2.7416207790374756,0.7750439367311072
6691,691,4,6,0.00026942414115183055,1.0,2.726621389389038,0.7803163444639719
6692,692,4,6,0.0002448961604386568,1.0,2.7434446811676025,0.7750439367311072
6693,693,4,6,0.0002414191112620756,1.0,2.7245705127716064,0.7803163444639719
6694,694,4,6,0.00026396135217510164,1.0,2.7453832626342773,0.773286467486819
6695,695,4,6,0.0003071744285989553,1.0,2.722646951675415,0.7803163444639719
6696,696,4,6,0.0003534600546117872,1.0,2.7472643852233887,0.773286467486819
6697,697,4,6,0.0003921483876183629,1.0,2.720841407775879,0.7803163444639719
6698,698,4,6,0.00041812146082520485,1.0,2.7487425804138184,0.773286467486819
6699,699,4,6,0.0004375976568553597,1.0,2.7194080352783203,0.7803163444639719
6700,700,4,6,0.00045740394853055477,1.0,2.750197649002075,0.773286467486819
6701,701,4,6,0.0004891232820227742,1.0,2.718508720397949,0.7803163444639719
6702,702,4,6,0.0005268713575787842,1.0,2.7512972354888916,0.773286467486819
6703,703,4,6,0.0005723258946090937,1.0,2.7182440757751465,0.7803163444639719
6704,704,4,6,0.0006021416047587991,1.0,2.751412868499756,0.773286467486819
6705,705,4,6,0.000613775453530252,1.0,2.7190864086151123,0.7803163444639719
6706,706,4,6,0.0005856496863998473,1.0,2.7500393390655518,0.773286467486819
6707,707,4,6,0.0005236071301624179,1.0,2.721667766571045,0.7803163444639719
6708,708,4,6,0.00042819048394449055,1.0,2.746365785598755,0.773286467486819
6709,709,4,6,0.00032074356568045914,1.0,2.7262799739837646,0.7803163444639719
6710,710,4,6,0.00022059562616050243,1.0,2.7409958839416504,0.7750439367311072
6711,711,4,6,0.00014860497321933508,1.0,2.73236346244812,0.7785588752196837
6712,712,4,6,0.00011217788414796814,1.0,2.7349512577056885,0.7768014059753954
6713,713,4,6,0.0001092291931854561,1.0,2.7381317615509033,0.7768014059753954
6714,714,4,6,0.0001294548565056175,1.0,2.730398654937744,0.7803163444639719
6715,715,4,6,0.00016106583643704653,1.0,2.742860794067383,0.7750439367311072
6716,716,4,6,0.00019448588136583567,1.0,2.727234125137329,0.7803163444639719
6717,717,4,6,0.0002231635880889371,1.0,2.7456214427948,0.7750439367311072
6718,718,4,6,0.00024420610861852765,1.0,2.7256715297698975,0.7803163444639719
6719,719,4,6,0.0002562069857958704,1.0,2.7466533184051514,0.7750439367311072
6720,720,4,6,0.0002605664194561541,1.0,2.725426435470581,0.7803163444639719
6721,721,4,6,0.00025545808603055775,1.0,2.746234655380249,0.7750439367311072
6722,722,4,6,0.0002430255408398807,1.0,2.726767063140869,0.7803163444639719
6723,723,4,6,0.00022271944908425212,1.0,2.7446980476379395,0.7750439367311072
6724,724,4,6,0.00019706682360265404,1.0,2.729069948196411,0.7803163444639719
6725,725,4,6,0.00016858470917213708,1.0,2.742490768432617,0.7750439367311072
6726,726,4,6,0.00014034485502634197,1.0,2.731994152069092,0.7803163444639719
6727,727,4,6,0.00011587904737098143,1.0,2.739807605743408,0.7750439367311072
6728,728,4,6,9.678150672698393e-05,1.0,2.7350809574127197,0.7785588752196837
6729,729,4,6,8.433567563770339e-05,1.0,2.7372939586639404,0.7768014059753954
6730,730,4,6,7.871897105360404e-05,1.0,2.7378246784210205,0.7768014059753954
6731,731,4,6,7.876482413848862e-05,1.0,2.7350220680236816,0.7803163444639719
6732,732,4,6,8.296433225041255e-05,1.0,2.7399466037750244,0.7750439367311072
6733,733,4,6,8.981054270407185e-05,1.0,2.7332603931427,0.7803163444639719
6734,734,4,6,9.87218227237463e-05,1.0,2.7416574954986572,0.7750439367311072
6735,735,4,6,0.00010886432573897764,1.0,2.7314810752868652,0.7803163444639719
6736,736,4,6,0.00012098524166503921,1.0,2.74332332611084,0.7750439367311072
6737,737,4,6,0.00013493433652911335,1.0,2.730029582977295,0.7803163444639719
6738,738,4,6,0.0001526008127257228,1.0,2.7455906867980957,0.7750439367311072
6739,739,4,6,0.0001742745516821742,1.0,2.728062868118286,0.7803163444639719
6740,740,4,6,0.00020280164608266205,1.0,2.748059034347534,0.7750439367311072
6741,741,4,6,0.00024179891624953598,1.0,2.725118398666382,0.7803163444639719
6742,742,4,6,0.00029551496845670044,1.0,2.751648187637329,0.773286467486819
6743,743,4,6,0.000373245682567358,1.0,2.7212648391723633,0.7803163444639719
6744,744,4,6,0.0004776943242177367,1.0,2.7566888332366943,0.773286467486819
6745,745,4,6,0.0006260300287976861,1.0,2.7154700756073,0.7803163444639719
6746,746,4,6,0.0008185296901501715,1.0,2.7631397247314453,0.7715289982425307
6747,747,4,6,0.001082712085917592,1.0,2.7086172103881836,0.7803163444639719
6748,748,4,6,0.0013813907280564308,1.0,2.7699787616729736,0.7715289982425307
6749,749,4,6,0.001712976722046733,1.0,2.7029311656951904,0.7803163444639719
6750,750,4,6,0.0019187807338312268,1.0,2.7714176177978516,0.7715289982425307
6751,751,4,6,0.00195462629199028,1.0,2.7052271366119385,0.7803163444639719
6752,752,4,6,0.0016274609370157123,1.0,2.76027512550354,0.7715289982425307
6753,753,4,6,0.0010630011092871428,1.0,2.720494031906128,0.7803163444639719
6754,754,4,6,0.0004537580534815788,1.0,2.737593173980713,0.7750439367311072
6755,755,4,6,0.00012384389992803335,1.0,2.743765354156494,0.7750439367311072
6756,756,4,6,0.00019970822904724628,1.0,2.718679428100586,0.7803163444639719
6757,757,4,6,0.0005099089466966689,1.0,2.7569992542266846,0.7715289982425307
6758,758,4,6,0.0007612508488819003,1.0,2.714369535446167,0.7803163444639719
6759,759,4,6,0.000756870664190501,1.0,2.7523491382598877,0.773286467486819
6760,760,4,6,0.0005172305391170084,1.0,2.725377082824707,0.7803163444639719
6761,761,4,6,0.00021405429288279265,1.0,2.7364444732666016,0.7750439367311072
6762,762,4,6,6.662147643510252e-05,1.0,2.7429661750793457,0.7750439367311072
6763,763,4,6,0.0001414012222085148,1.0,2.7236552238464355,0.7803163444639719
6764,764,4,6,0.0003154892474412918,1.0,2.7522053718566895,0.773286467486819
6765,765,4,6,0.0004148981533944607,1.0,2.722935914993286,0.7803163444639719
6766,766,4,6,0.0003650429134722799,1.0,2.7473537921905518,0.7750439367311072
6767,767,4,6,0.0002146413899026811,1.0,2.732790231704712,0.7803163444639719
6768,768,4,6,8.696410804986954e-05,1.0,2.7350714206695557,0.7785588752196837
6769,769,4,6,6.884159665787593e-05,1.0,2.7448196411132812,0.7750439367311072
6770,770,4,6,0.00014435617777053267,1.0,2.727118968963623,0.7803163444639719
6771,771,4,6,0.00022657803492620587,1.0,2.749253749847412,0.7750439367311072
6772,772,4,6,0.000243509653955698,1.0,2.7288923263549805,0.7803163444639719
6773,773,4,6,0.00018728784925770015,1.0,2.7442078590393066,0.7750439367311072
6774,774,4,6,0.00010667971218936145,1.0,2.7371394634246826,0.7750439367311072
6775,775,4,6,6.086465509724803e-05,1.0,2.7352211475372314,0.7803163444639719
6776,776,4,6,7.255884702317417e-05,1.0,2.744692325592041,0.7750439367311072
6777,777,4,6,0.00011748669930966571,1.0,2.7300992012023926,0.7803163444639719
6778,778,4,6,0.00015400275879073888,1.0,2.7463226318359375,0.7750439367311072
6779,779,4,6,0.00015421469288412482,1.0,2.7317442893981934,0.7803163444639719
6780,780,4,6,0.00012304045958444476,1.0,2.7422730922698975,0.7750439367311072
6781,781,4,6,8.478450035909191e-05,1.0,2.7377169132232666,0.7803163444639719
6782,782,4,6,6.614765879930928e-05,1.0,2.7363033294677734,0.7750439367311072
6783,783,4,6,7.631356129422784e-05,1.0,2.7432215213775635,0.7750439367311072
6784,784,4,6,0.00010411216499051079,1.0,2.732999324798584,0.7803163444639719
6785,785,4,6,0.00013118330389261246,1.0,2.7448551654815674,0.7750439367311072
6786,786,4,6,0.00014544688747264445,1.0,2.734017848968506,0.7785588752196837
6787,787,4,6,0.00014834475587122142,1.0,2.742722749710083,0.7750439367311072
6788,788,4,6,0.00015197634638752788,1.0,2.7378783226013184,0.7750439367311072
6789,789,4,6,0.0001709851057967171,1.0,2.7388432025909424,0.7803163444639719
6790,790,4,6,0.0002181168383685872,1.0,2.7421486377716064,0.7750439367311072
6791,791,4,6,0.00029710622038692236,1.0,2.73594069480896,0.7820738137082601
6792,792,4,6,0.0004120833473280072,1.0,2.744332790374756,0.7750439367311072
6793,793,4,6,0.0005606573540717363,1.0,2.7351715564727783,0.7820738137082601
6794,794,4,6,0.0007509074057452381,1.0,2.7438817024230957,0.7750439367311072
6795,795,4,6,0.0009750401950441301,1.0,2.736837148666382,0.7838312829525483
6796,796,4,6,0.0012250324944034219,1.0,2.740995407104492,0.773286467486819
6797,797,4,6,0.0014439108781516552,1.0,2.740078926086426,0.7838312829525483
6798,798,4,6,0.0015654417220503092,1.0,2.7370963096618652,0.7750439367311072
6799,799,4,6,0.001484228647314012,1.0,2.743299961090088,0.7820738137082601
6800,800,4,6,0.0011834328761324286,1.0,2.7335093021392822,0.7750439367311072
6801,801,4,6,0.0007267689215950668,1.0,2.7440555095672607,0.7803163444639719
6802,802,4,6,0.0003075606073252857,1.0,2.7326161861419678,0.7785588752196837
6803,803,4,6,9.229980787495151e-05,1.0,2.7422597408294678,0.7750439367311072
6804,804,4,6,0.00012733244511764497,1.0,2.735413074493408,0.7820738137082601
6805,805,4,6,0.0003213175805285573,1.0,2.739132881164551,0.7750439367311072
6806,806,4,6,0.0005139143904671073,1.0,2.739793300628662,0.7820738137082601
6807,807,4,6,0.0005829038564115763,1.0,2.735809087753296,0.7750439367311072
6808,808,4,6,0.0004876453895121813,1.0,2.7424848079681396,0.7820738137082601
6809,809,4,6,0.00029822372016496956,1.0,2.733739137649536,0.7768014059753954
6810,810,4,6,0.00012904839240945876,1.0,2.7429096698760986,0.7750439367311072
6811,811,4,6,6.783867866033688e-05,1.0,2.7342898845672607,0.7803163444639719
6812,812,4,6,0.00011842889944091439,1.0,2.741586446762085,0.7750439367311072
6813,813,4,6,0.00021413642389234155,1.0,2.736863374710083,0.7820738137082601
6814,814,4,6,0.00027710452559404075,1.0,2.7393107414245605,0.7750439367311072
6815,815,4,6,0.0002621205640025437,1.0,2.7395734786987305,0.7803163444639719
6816,816,4,6,0.00018557831936050206,1.0,2.736974000930786,0.7750439367311072
6817,817,4,6,9.761277033248916e-05,1.0,2.7417092323303223,0.7750439367311072
6818,818,4,6,4.997270298190415e-05,1.0,2.7356343269348145,0.7803163444639719
6819,819,4,6,5.9298436099197716e-05,1.0,2.7424440383911133,0.7750439367311072
6820,820,4,6,0.0001040183924487792,1.0,2.735474109649658,0.7803163444639719
6821,821,4,6,0.00014643861504737288,1.0,2.741824150085449,0.7750439367311072
6822,822,4,6,0.000156455222168006,1.0,2.736522912979126,0.7803163444639719
6823,823,4,6,0.00013039006444159895,1.0,2.740259885787964,0.7750439367311072
6824,824,4,6,8.434220944764093e-05,1.0,2.738426923751831,0.7785588752196837
6825,825,4,6,4.494077438721433e-05,1.0,2.738680839538574,0.7768014059753954
6826,826,4,6,3.054706030525267e-05,1.0,2.74029541015625,0.7750439367311072
6827,827,4,6,4.198647729936056e-05,1.0,2.7373499870300293,0.7803163444639719
6828,828,4,6,6.615778693230823e-05,1.0,2.7414886951446533,0.7750439367311072
6829,829,4,6,8.577435073675588e-05,1.0,2.7369349002838135,0.7803163444639719
6830,830,4,6,9.050883818417788e-05,1.0,2.7418053150177,0.7750439367311072
6831,831,4,6,7.876980816945434e-05,1.0,2.7370078563690186,0.7803163444639719
6832,832,4,6,5.898330346099101e-05,1.0,2.7414565086364746,0.7750439367311072
6833,833,4,6,4.1129776946036145e-05,1.0,2.7375223636627197,0.7785588752196837
6834,834,4,6,3.270243541919626e-05,1.0,2.74096941947937,0.7768014059753954
6835,835,4,6,3.4598284400999546e-05,1.0,2.738271713256836,0.7750439367311072
6836,836,4,6,4.278522828826681e-05,1.0,2.740562677383423,0.7785588752196837
6837,837,4,6,5.118686749483459e-05,1.0,2.738816738128662,0.7750439367311072
6838,838,4,6,5.487025555339642e-05,1.0,2.7403130531311035,0.7785588752196837
6839,839,4,6,5.224198685027659e-05,1.0,2.7391247749328613,0.7750439367311072
6840,840,4,6,4.4837983296019956e-05,1.0,2.740196704864502,0.7785588752196837
6841,841,4,6,3.609630948631093e-05,1.0,2.73936128616333,0.7768014059753954
6842,842,4,6,2.901286461565178e-05,1.0,2.7404534816741943,0.7768014059753954
6843,843,4,6,2.5468629246461205e-05,1.0,2.739600896835327,0.7768014059753954
6844,844,4,6,2.562005647632759e-05,1.0,2.7405691146850586,0.7750439367311072
6845,845,4,6,2.827832940965891e-05,1.0,2.7395200729370117,0.7785588752196837
6846,846,4,6,3.170302807120606e-05,1.0,2.7406747341156006,0.7750439367311072
6847,847,4,6,3.439370630076155e-05,1.0,2.73956561088562,0.7785588752196837
6848,848,4,6,3.5408644180279225e-05,1.0,2.740853786468506,0.7750439367311072
6849,849,4,6,3.448472489253618e-05,1.0,2.7396135330200195,0.7785588752196837
6850,850,4,6,3.224150350433774e-05,1.0,2.740983724594116,0.7750439367311072
6851,851,4,6,2.9209810236352496e-05,1.0,2.7396745681762695,0.7785588752196837
6852,852,4,6,2.6369994884589687e-05,1.0,2.7411696910858154,0.7750439367311072
6853,853,4,6,2.4291886802529916e-05,1.0,2.7394888401031494,0.7768014059753954
6854,854,4,6,2.3352335119852796e-05,1.0,2.741478204727173,0.7768014059753954
6855,855,4,6,2.3546383090433665e-05,1.0,2.7391839027404785,0.7768014059753954
6856,856,4,6,2.484322430973407e-05,1.0,2.7420902252197266,0.7768014059753954
6857,857,4,6,2.712695459194947e-05,1.0,2.738457202911377,0.7768014059753954
6858,858,4,6,3.0502760637318715e-05,1.0,2.743164539337158,0.7768014059753954
6859,859,4,6,3.515402931952849e-05,1.0,2.7373929023742676,0.7768014059753954
6860,860,4,6,4.2088919144589454e-05,1.0,2.7449512481689453,0.7750439367311072
6861,861,4,6,5.249790410744026e-05,1.0,2.735313892364502,0.7785588752196837
6862,862,4,6,6.906807539053261e-05,1.0,2.747617244720459,0.7750439367311072
6863,863,4,6,9.587814565747976e-05,1.0,2.7319254875183105,0.7803163444639719
6864,864,4,6,0.00013961894728709012,1.0,2.7519822120666504,0.7750439367311072
6865,865,4,6,0.0002109881752403453,1.0,2.726378917694092,0.7803163444639719
6866,866,4,6,0.0003271580790169537,1.0,2.759129285812378,0.7750439367311072
6867,867,4,6,0.0005198359140194952,1.0,2.717508554458618,0.7803163444639719
6868,868,4,6,0.0008224668563343585,1.0,2.7704954147338867,0.7715289982425307
6869,869,4,6,0.0013240532716736197,1.0,2.7035751342773438,0.7820738137082601
6870,870,4,6,0.0020495066419243813,1.0,2.7862870693206787,0.7697715289982425
6871,871,4,6,0.0031075510196387768,1.0,2.6868784427642822,0.7873462214411248
6872,872,4,6,0.0042370278388261795,1.0,2.797584295272827,0.7715289982425307
6873,873,4,6,0.0051041338592767715,1.0,2.682739496231079,0.7908611599297012
6874,874,4,6,0.004636241588741541,1.0,2.7777295112609863,0.7697715289982425
6875,875,4,6,0.0028295533265918493,1.0,2.7165238857269287,0.7820738137082601
6876,876,4,6,0.0007685766904614866,1.0,2.725766658782959,0.7768014059753954
6877,877,4,6,0.0002308152907062322,1.0,2.7647147178649902,0.7715289982425307
6878,878,4,6,0.001249581342563033,1.0,2.6985039710998535,0.7838312829525483
6879,879,4,6,0.0021197025198489428,1.0,2.765369176864624,0.7697715289982425
6880,880,4,6,0.0017052390612661839,1.0,2.7192089557647705,0.7803163444639719
6881,881,4,6,0.0005826877895742655,1.0,2.725490093231201,0.7768014059753954
6882,882,4,6,0.0001981713285204023,1.0,2.757173776626587,0.7715289982425307
6883,883,4,6,0.0007744031609036028,1.0,2.70841383934021,0.7803163444639719
6884,884,4,6,0.0012154316063970327,1.0,2.754993438720703,0.7697715289982425
6885,885,4,6,0.0008594199316576123,1.0,2.730593681335449,0.7803163444639719
6886,886,4,6,0.00025317445397377014,1.0,2.7256526947021484,0.7768014059753954
6887,887,4,6,0.00020407495321705937,1.0,2.756861448287964,0.7715289982425307
6888,888,4,6,0.0005890382453799248,1.0,2.7190513610839844,0.7803163444639719
6889,889,4,6,0.0006904246984049678,1.0,2.746367931365967,0.7715289982425307
6890,890,4,6,0.00035512354224920273,1.0,2.7392075061798096,0.7803163444639719
6891,891,4,6,0.00010305605246685445,1.0,2.7244410514831543,0.7803163444639719
6892,892,4,6,0.0002442457771394402,1.0,2.753054141998291,0.7715289982425307
6893,893,4,6,0.0004455794987734407,1.0,2.726423740386963,0.7803163444639719
6894,894,4,6,0.0003473752294667065,1.0,2.7398204803466797,0.7750439367311072
6895,895,4,6,0.00011369700951036066,1.0,2.74507999420166,0.7768014059753954
6896,896,4,6,9.242117084795609e-05,1.0,2.7271082401275635,0.7803163444639719
6897,897,4,6,0.00024880844284780324,1.0,2.749547243118286,0.7715289982425307
6898,898,4,6,0.00028108907281421125,1.0,2.7333555221557617,0.7803163444639719
6899,899,4,6,0.00013333503738977015,1.0,2.736053466796875,0.7768014059753954
6900,900,4,6,4.225984957884066e-05,1.0,2.746845245361328,0.7750439367311072
6901,901,4,6,0.00011978008842561394,1.0,2.7297422885894775,0.7803163444639719
6902,902,4,6,0.00019785364565905184,1.0,2.745579481124878,0.7750439367311072
6903,903,4,6,0.00013737280096393079,1.0,2.7380449771881104,0.7785588752196837
6904,904,4,6,3.9392874896293506e-05,1.0,2.7343759536743164,0.7785588752196837
6905,905,4,6,4.932794035994448e-05,1.0,2.746218681335449,0.7750439367311072
6906,906,4,6,0.00012180327757960185,1.0,2.7319533824920654,0.7803163444639719
6907,907,4,6,0.0001228656474268064,1.0,2.74216628074646,0.7750439367311072
6908,908,4,6,5.260696343611926e-05,1.0,2.7404916286468506,0.7768014059753954
6909,909,4,6,2.1379973986768164e-05,1.0,2.7347404956817627,0.7785588752196837
6910,910,4,6,6.213181768544018e-05,1.0,2.746035575866699,0.7750439367311072
6911,911,4,6,9.292461618315428e-05,1.0,2.73580002784729,0.7803163444639719
6912,912,4,6,6.214805762283504e-05,1.0,2.7416796684265137,0.7768014059753954
6913,913,4,6,2.1031206415500492e-05,1.0,2.742871046066284,0.7750439367311072
6914,914,4,6,2.7162639526068233e-05,1.0,2.7363131046295166,0.7785588752196837
6915,915,4,6,5.768209302914329e-05,1.0,2.7452430725097656,0.7750439367311072
6916,916,4,6,5.875492934137583e-05,1.0,2.737654685974121,0.7785588752196837
6917,917,4,6,3.061116876779124e-05,1.0,2.7404985427856445,0.7785588752196837
6918,918,4,6,1.6104808310046792e-05,1.0,2.7428767681121826,0.7750439367311072
6919,919,4,6,3.0079250791459344e-05,1.0,2.7370238304138184,0.7785588752196837
6920,920,4,6,4.375652497401461e-05,1.0,2.7441325187683105,0.7750439367311072
6921,921,4,6,3.5361161280889064e-05,1.0,2.7388134002685547,0.7785588752196837
6922,922,4,6,1.9130820874124765e-05,1.0,2.7404260635375977,0.7785588752196837
6923,923,4,6,1.711379263724666e-05,1.0,2.7427468299865723,0.7750439367311072
6924,924,4,6,2.668845627340488e-05,1.0,2.737964630126953,0.7785588752196837
6925,925,4,6,3.0296943805296905e-05,1.0,2.743222236633301,0.7768014059753954
6926,926,4,6,2.3145927116274834e-05,1.0,2.739504337310791,0.7785588752196837
6927,927,4,6,1.6171599781955592e-05,1.0,2.7405452728271484,0.7785588752196837
6928,928,4,6,1.716645601845812e-05,1.0,2.7425336837768555,0.7750439367311072
6929,929,4,6,2.1271380319376476e-05,1.0,2.7388062477111816,0.7785588752196837
6930,930,4,6,2.1352725525503047e-05,1.0,2.7428905963897705,0.7768014059753954
6931,931,4,6,1.786901157174725e-05,1.0,2.7397871017456055,0.7768014059753954
6932,932,4,6,1.5752753824926913e-05,1.0,2.740868091583252,0.7785588752196837
6933,933,4,6,1.648276338528376e-05,1.0,2.7417447566986084,0.7750439367311072
6934,934,4,6,1.7515141735202633e-05,1.0,2.7393791675567627,0.7785588752196837
6935,935,4,6,1.7316549929091707e-05,1.0,2.74220609664917,0.7768014059753954
6936,936,4,6,1.703820271359291e-05,1.0,2.7400014400482178,0.7785588752196837
6937,937,4,6,1.7777238099370152e-05,1.0,2.741013765335083,0.7785588752196837
6938,938,4,6,1.9154351321049035e-05,1.0,2.7416369915008545,0.7785588752196837
6939,939,4,6,2.081076308968477e-05,1.0,2.7398626804351807,0.7785588752196837
6940,940,4,6,2.3988248358364217e-05,1.0,2.7423927783966064,0.7785588752196837
6941,941,4,6,3.0359904485521838e-05,1.0,2.7399344444274902,0.7750439367311072
6942,942,4,6,4.075294782523997e-05,1.0,2.742100954055786,0.7785588752196837
6943,943,4,6,5.613965186057612e-05,1.0,2.7407760620117188,0.7750439367311072
6944,944,4,6,8.01635833340697e-05,1.0,2.7415049076080322,0.7803163444639719
6945,945,4,6,0.00011999550042673945,1.0,2.7412002086639404,0.7750439367311072
6946,946,4,6,0.00018601429474074394,1.0,2.7418997287750244,0.7803163444639719
6947,947,4,6,0.00029453347087837756,1.0,2.740776538848877,0.7750439367311072
6948,948,4,6,0.00046867181663401425,1.0,2.7433106899261475,0.7820738137082601
6949,949,4,6,0.0007501283544115722,1.0,2.7395286560058594,0.773286467486819
6950,950,4,6,0.0011891935719177127,1.0,2.745649576187134,0.7855887521968365
6951,951,4,6,0.001851804438047111,1.0,2.7382922172546387,0.773286467486819
6952,952,4,6,0.0027410131879150867,1.0,2.7482943534851074,0.7855887521968365
6953,953,4,6,0.0037234555929899216,1.0,2.7369332313537598,0.7697715289982425
6954,954,4,6,0.004363910760730505,1.0,2.7484796047210693,0.7873462214411248
6955,955,4,6,0.004118806682527065,1.0,2.7347562313079834,0.773286467486819
6956,956,4,6,0.0027280158828943968,1.0,2.7437398433685303,0.7820738137082601
6957,957,4,6,0.0009649353451095521,1.0,2.734875440597534,0.7750439367311072
6958,958,4,6,5.57866005692631e-05,1.0,2.7370827198028564,0.7750439367311072
6959,959,4,6,0.0004749413637910038,1.0,2.740525007247925,0.7820738137082601
6960,960,4,6,0.0014569838531315327,1.0,2.7331418991088867,0.773286467486819
6961,961,4,6,0.0018656565807759762,1.0,2.743900775909424,0.7820738137082601
6962,962,4,6,0.001306099002249539,1.0,2.731912136077881,0.7750439367311072
6963,963,4,6,0.0003950601094402373,1.0,2.741117477416992,0.7785588752196837
6964,964,4,6,5.549056368181482e-05,1.0,2.7368288040161133,0.7820738137082601
6965,965,4,6,0.0004514947650022805,1.0,2.7353854179382324,0.773286467486819
6966,966,4,6,0.0009335643262602389,1.0,2.7428650856018066,0.7820738137082601
6967,967,4,6,0.0008946841699071229,1.0,2.7320783138275146,0.7750439367311072
6968,968,4,6,0.0004133881302550435,1.0,2.7435240745544434,0.7785588752196837
6969,969,4,6,6.700951053062454e-05,1.0,2.7350151538848877,0.7820738137082601
6970,970,4,6,0.0001729332871036604,1.0,2.7385597229003906,0.773286467486819
6971,971,4,6,0.00047060800716280937,1.0,2.7415976524353027,0.7820738137082601
6972,972,4,6,0.0005366968689486384,1.0,2.7335264682769775,0.7750439367311072
6973,973,4,6,0.0003047818026971072,1.0,2.74403715133667,0.7785588752196837
6974,974,4,6,7.62163326726295e-05,1.0,2.7337827682495117,0.7820738137082601
6975,975,4,6,9.007387416204438e-05,1.0,2.7403926849365234,0.7750439367311072
6976,976,4,6,0.0002495696535333991,1.0,2.7393040657043457,0.7820738137082601
6977,977,4,6,0.00031005352502688766,1.0,2.734954833984375,0.7750439367311072
6978,978,4,6,0.00019941058417316526,1.0,2.743319272994995,0.7785588752196837
6979,979,4,6,6.770256732124835e-05,1.0,2.733556032180786,0.7803163444639719
6980,980,4,6,5.811834125779569e-05,1.0,2.741910219192505,0.7750439367311072
6981,981,4,6,0.00013837966253049672,1.0,2.7376747131347656,0.7820738137082601
6982,982,4,6,0.00017856310296338052,1.0,2.737140417098999,0.7750439367311072
6983,983,4,6,0.0001261373981833458,1.0,2.7422091960906982,0.7785588752196837
6984,984,4,6,5.230263923294842e-05,1.0,2.7341065406799316,0.7803163444639719
6985,985,4,6,3.92246111005079e-05,1.0,2.7426669597625732,0.7750439367311072
6986,986,4,6,7.996591739356518e-05,1.0,2.7363052368164062,0.7820738137082601
6987,987,4,6,0.00010638139792717993,1.0,2.739074468612671,0.7750439367311072
6988,988,4,6,8.164275641320273e-05,1.0,2.7405965328216553,0.7785588752196837
6989,989,4,6,3.765630754060112e-05,1.0,2.7353336811065674,0.7785588752196837
6990,990,4,6,2.3846701878937893e-05,1.0,2.742623805999756,0.7750439367311072
6991,991,4,6,4.573906699079089e-05,1.0,2.735530138015747,0.7820738137082601
6992,992,4,6,6.640916399192065e-05,1.0,2.740581750869751,0.7750439367311072
6993,993,4,6,5.726154267904349e-05,1.0,2.738889455795288,0.7785588752196837
6994,994,4,6,2.8967257094336674e-05,1.0,2.7371535301208496,0.7785588752196837
6995,995,4,6,1.3168484656489454e-05,1.0,2.7419772148132324,0.7750439367311072
6996,996,4,6,2.272283199999947e-05,1.0,2.7359566688537598,0.7785588752196837
6997,997,4,6,4.0295562939718366e-05,1.0,2.741891622543335,0.7750439367311072
6998,998,4,6,4.251421705703251e-05,1.0,2.7378695011138916,0.7785588752196837
6999,999,4,6,2.6656884074327536e-05,1.0,2.7393460273742676,0.7768014059753954
7000,1000,4,6,1.0253962500428315e-05,1.0,2.740778923034668,0.7768014059753954
7001,1001,4,6,9.003424565889873e-06,1.0,2.737147569656372,0.7785588752196837
7002,1002,4,6,2.024165223701857e-05,1.0,2.7419376373291016,0.7768014059753954
7003,1003,4,6,2.8752223443007097e-05,1.0,2.737196683883667,0.7785588752196837
7004,1004,4,6,2.485940422047861e-05,1.0,2.7407052516937256,0.7768014059753954
7005,1005,4,6,1.339626578555908e-05,1.0,2.7391958236694336,0.7785588752196837
7006,1006,4,6,5.984023118799087e-06,1.0,2.738624095916748,0.7785588752196837
7007,1007,4,6,8.177522431651596e-06,1.0,2.74100661277771,0.7768014059753954
7008,1008,4,6,1.5085144696058705e-05,1.0,2.7376177310943604,0.7785588752196837
7009,1009,4,6,1.839093783928547e-05,1.0,2.741306781768799,0.7768014059753954
7010,1010,4,6,1.5024006643216126e-05,1.0,2.738299608230591,0.7785588752196837
7011,1011,4,6,8.933165190683212e-06,1.0,2.7401089668273926,0.7768014059753954
7012,1012,4,6,5.6933095038402826e-06,1.0,2.7397775650024414,0.7768014059753954
7013,1013,4,6,7.092294708854752e-06,1.0,2.738821029663086,0.7785588752196837
7014,1014,4,6,1.032673753798008e-05,1.0,2.7408206462860107,0.7768014059753954
7015,1015,4,6,1.1631600500550121e-05,1.0,2.738347053527832,0.7785588752196837
7016,1016,4,6,9.92339391814312e-06,1.0,2.7407162189483643,0.7768014059753954
7017,1017,4,6,7.106074917828664e-06,1.0,2.7388901710510254,0.7785588752196837
7018,1018,4,6,5.63993171454058e-06,1.0,2.7399613857269287,0.7785588752196837
7019,1019,4,6,6.186767222970957e-06,1.0,2.7397618293762207,0.7768014059753954
7020,1020,4,6,7.484212346753338e-06,1.0,2.739205837249756,0.7785588752196837
7021,1021,4,6,7.923083103378303e-06,1.0,2.740351676940918,0.7768014059753954
7022,1022,4,6,7.022505087661557e-06,1.0,2.739021062850952,0.7785588752196837
7023,1023,4,6,5.674439762515249e-06,1.0,2.7403950691223145,0.7768014059753954
7024,1024,4,6,4.960380010743393e-06,1.0,2.739304304122925,0.7768014059753954
7025,1025,4,6,5.260144916974241e-06,1.0,2.74010968208313,0.7785588752196837
7026,1026,4,6,5.9837716435140464e-06,1.0,2.7397336959838867,0.7768014059753954
7027,1027,4,6,6.271933216339676e-06,1.0,2.7397985458374023,0.7785588752196837
7028,1028,4,6,5.79671177547425e-06,1.0,2.7400240898132324,0.7768014059753954
7029,1029,4,6,4.897803137282608e-06,1.0,2.739668846130371,0.7768014059753954
7030,1030,4,6,4.2296701394661795e-06,1.0,2.7401697635650635,0.7768014059753954
7031,1031,4,6,4.1737603169167414e-06,1.0,2.7396609783172607,0.7768014059753954
7032,1032,4,6,4.591826836986002e-06,1.0,2.740199565887451,0.7785588752196837
7033,1033,4,6,5.023133780923672e-06,1.0,2.7397091388702393,0.7768014059753954
7034,1034,4,6,5.08630728290882e-06,1.0,2.7402162551879883,0.7768014059753954
7035,1035,4,6,4.745946625916986e-06,1.0,2.7398247718811035,0.7768014059753954
7036,1036,4,6,4.230657395964954e-06,1.0,2.7402565479278564,0.7768014059753954
7037,1037,4,6,3.8369489629985765e-06,1.0,2.7398996353149414,0.7768014059753954
7038,1038,4,6,3.7255254028423224e-06,1.0,2.7401654720306396,0.7768014059753954
7039,1039,4,6,3.856864623230649e-06,1.0,2.740009069442749,0.7768014059753954
7040,1040,4,6,4.0459344745613635e-06,1.0,2.7401251792907715,0.7768014059753954
7041,1041,4,6,4.1168163988913875e-06,1.0,2.740199089050293,0.7768014059753954
7042,1042,4,6,4.021640961582307e-06,1.0,2.7400245666503906,0.7768014059753954
7043,1043,4,6,3.803098024945939e-06,1.0,2.740377902984619,0.7768014059753954
7044,1044,4,6,3.5779669360636035e-06,1.0,2.7399497032165527,0.7768014059753954
7045,1045,4,6,3.4592480915307533e-06,1.0,2.740485429763794,0.7768014059753954
7046,1046,4,6,3.468358727332088e-06,1.0,2.73992657661438,0.7768014059753954
7047,1047,4,6,3.536848453222774e-06,1.0,2.740576982498169,0.7768014059753954
7048,1048,4,6,3.587145556593896e-06,1.0,2.7399404048919678,0.7768014059753954
7049,1049,4,6,3.569730097296997e-06,1.0,2.740506649017334,0.7768014059753954
7050,1050,4,6,3.458420906099491e-06,1.0,2.7399823665618896,0.7768014059753954
7051,1051,4,6,3.308697614556877e-06,1.0,2.740446090698242,0.7768014059753954
7052,1052,4,6,3.1720239803689765e-06,1.0,2.7401657104492188,0.7768014059753954
7053,1053,4,6,3.082364401052473e-06,1.0,2.740455150604248,0.7768014059753954
7054,1054,4,6,3.0495691589749185e-06,1.0,2.740333318710327,0.7768014059753954
7055,1055,4,6,3.052623242183472e-06,1.0,2.7404258251190186,0.7768014059753954
7056,1056,4,6,3.057314415855217e-06,1.0,2.7403786182403564,0.7768014059753954
7057,1057,4,6,3.0429207527049584e-06,1.0,2.740347385406494,0.7768014059753954
7058,1058,4,6,3.0053754471737193e-06,1.0,2.7404062747955322,0.7768014059753954
7059,1059,4,6,2.9454315608745674e-06,1.0,2.7404239177703857,0.7768014059753954
7060,1060,4,6,2.874531446650508e-06,1.0,2.740485429763794,0.7768014059753954
7061,1061,4,6,2.803982624755008e-06,1.0,2.7404868602752686,0.7768014059753954
7062,1062,4,6,2.7461348963697674e-06,1.0,2.740480899810791,0.7768014059753954
7063,1063,4,6,2.705123279156396e-06,1.0,2.740463972091675,0.7768014059753954
7064,1064,4,6,2.6773147965286626e-06,1.0,2.7404377460479736,0.7768014059753954
7065,1065,4,6,2.6575892206892604e-06,1.0,2.740557909011841,0.7768014059753954
7066,1066,4,6,2.6405355129099917e-06,1.0,2.740490198135376,0.7768014059753954
7067,1067,4,6,2.6207344490103424e-06,1.0,2.740633487701416,0.7768014059753954
7068,1068,4,6,2.599924755486427e-06,1.0,2.740506887435913,0.7768014059753954
7069,1069,4,6,2.570747483332525e-06,1.0,2.7406742572784424,0.7768014059753954
7070,1070,4,6,2.541392177590751e-06,1.0,2.7404258251190186,0.7768014059753954
7071,1071,4,6,2.516099129934446e-06,1.0,2.7407619953155518,0.7768014059753954
7072,1072,4,6,2.4939818104030564e-06,1.0,2.740424633026123,0.7768014059753954
7073,1073,4,6,2.482413037796505e-06,1.0,2.740931272506714,0.7768014059753954
7074,1074,4,6,2.4925050183810527e-06,1.0,2.7402820587158203,0.7768014059753954
7075,1075,4,6,2.534556642785901e-06,1.0,2.741121530532837,0.7768014059753954
7076,1076,4,6,2.6237457859679125e-06,1.0,2.740098714828491,0.7768014059753954
7077,1077,4,6,2.7686917292157887e-06,1.0,2.741374969482422,0.7768014059753954
7078,1078,4,6,3.003808160428889e-06,1.0,2.7398011684417725,0.7768014059753954
7079,1079,4,6,3.3537683066242607e-06,1.0,2.7417750358581543,0.7768014059753954
7080,1080,4,6,3.870953150908463e-06,1.0,2.7394399642944336,0.7768014059753954
7081,1081,4,6,4.620011623046594e-06,1.0,2.7422971725463867,0.7768014059753954
7082,1082,4,6,5.6845701692509465e-06,1.0,2.738896369934082,0.7768014059753954
7083,1083,4,6,7.197627837740583e-06,1.0,2.7430074214935303,0.7768014059753954
7084,1084,4,6,9.369724466523621e-06,1.0,2.7380852699279785,0.7768014059753954
7085,1085,4,6,1.2495775081333704e-05,1.0,2.7439804077148438,0.7768014059753954
7086,1086,4,6,1.69959275808651e-05,1.0,2.7369346618652344,0.7768014059753954
7087,1087,4,6,2.3569458790007047e-05,1.0,2.745420217514038,0.7768014059753954
7088,1088,4,6,3.316792572150007e-05,1.0,2.7351691722869873,0.7785588752196837
7089,1089,4,6,4.744957550428808e-05,1.0,2.7475483417510986,0.7768014059753954
7090,1090,4,6,6.868319178465754e-05,1.0,2.7325141429901123,0.7785588752196837
7091,1091,4,6,0.00010045806266134605,1.0,2.7508163452148438,0.7750439367311072
7092,1092,4,6,0.00014865589037071913,1.0,2.728407621383667,0.7785588752196837
7093,1093,4,6,0.0002207858779001981,1.0,2.7556676864624023,0.7750439367311072
7094,1094,4,6,0.0003306716098450124,1.0,2.722015142440796,0.7785588752196837
7095,1095,4,6,0.000493511266540736,1.0,2.7628960609436035,0.7750439367311072
7096,1096,4,6,0.0007392293773591518,1.0,2.71268367767334,0.7803163444639719
7097,1097,4,6,0.0010833063861355186,1.0,2.772902011871338,0.7750439367311072
7098,1098,4,6,0.0015730367740616202,1.0,2.7008097171783447,0.7803163444639719
7099,1099,4,6,0.0021667596884071827,1.0,2.783345937728882,0.773286467486819
7100,1100,4,6,0.0028447958175092936,1.0,2.6904263496398926,0.7820738137082601
7101,1101,4,6,0.003311874344944954,1.0,2.7851510047912598,0.7715289982425307
7102,1102,4,6,0.0033661802299320698,1.0,2.694849967956543,0.7820738137082601
7103,1103,4,6,0.002617321675643325,1.0,2.7639575004577637,0.7768014059753954
7104,1104,4,6,0.0014252307591959834,1.0,2.723991632461548,0.7803163444639719
7105,1105,4,6,0.0004668404289986938,1.0,2.726137161254883,0.7785588752196837
7106,1106,4,6,0.00034144913661293685,1.0,2.7583043575286865,0.773286467486819
7107,1107,4,6,0.0008258061716333032,1.0,2.7047386169433594,0.7820738137082601
7108,1108,4,6,0.001228666165843606,1.0,2.762237787246704,0.7715289982425307
7109,1109,4,6,0.00111671956256032,1.0,2.714409351348877,0.7803163444639719
7110,1110,4,6,0.000651237613055855,1.0,2.738786458969116,0.773286467486819
7111,1111,4,6,0.00032862715306691825,1.0,2.741807699203491,0.7803163444639719
7112,1112,4,6,0.00036213808925822377,1.0,2.717705249786377,0.7768014059753954
7113,1113,4,6,0.0005083561409264803,1.0,2.7541744709014893,0.7750439367311072
7114,1114,4,6,0.0004909249837510288,1.0,2.720872402191162,0.7820738137082601
7115,1115,4,6,0.0003326130681671202,1.0,2.74231219291687,0.7715289982425307
7116,1116,4,6,0.0002498546673450619,1.0,2.738865375518799,0.7803163444639719
7117,1117,4,6,0.0003224952379241586,1.0,2.727529764175415,0.7768014059753954
7118,1118,4,6,0.0003896579146385193,1.0,2.748548746109009,0.7803163444639719
7119,1119,4,6,0.00030406969017349184,1.0,2.727766275405884,0.7768014059753954
7120,1120,4,6,0.00013934297021478415,1.0,2.741461753845215,0.7768014059753954
7121,1121,4,6,8.567449549445882e-05,1.0,2.73946475982666,0.7803163444639719
7122,1122,4,6,0.00018168795213568956,1.0,2.732593297958374,0.7768014059753954
7123,1123,4,6,0.000273745390586555,1.0,2.745565891265869,0.7803163444639719
7124,1124,4,6,0.0002275625738548115,1.0,2.733447313308716,0.7768014059753954
7125,1125,4,6,8.827947749523446e-05,1.0,2.740293025970459,0.7750439367311072
7126,1126,4,6,1.1893944247276522e-05,1.0,2.740504264831543,0.7785588752196837
7127,1127,4,6,6.366892921505496e-05,1.0,2.734236001968384,0.7768014059753954
7128,1128,4,6,0.00015147161320783198,1.0,2.7433712482452393,0.7803163444639719
7129,1129,4,6,0.000160344410687685,1.0,2.7357747554779053,0.7768014059753954
7130,1130,4,6,8.532228093827143e-05,1.0,2.738807439804077,0.7785588752196837
7131,1131,4,6,1.8046055629383773e-05,1.0,2.7414863109588623,0.7785588752196837
7132,1132,4,6,2.403626058367081e-05,1.0,2.7348411083221436,0.7750439367311072
7133,1133,4,6,7.37289446988143e-05,1.0,2.743009567260742,0.7803163444639719
7134,1134,4,6,9.72423586063087e-05,1.0,2.7368385791778564,0.7750439367311072
7135,1135,4,6,6.977286102483049e-05,1.0,2.739086866378784,0.7785588752196837
7136,1136,4,6,2.9192169677116908e-05,1.0,2.742431402206421,0.7750439367311072
7137,1137,4,6,1.7965572624234483e-05,1.0,2.7357959747314453,0.7750439367311072
7138,1138,4,6,3.572778950911015e-05,1.0,2.7439985275268555,0.7768014059753954
7139,1139,4,6,5.0122565880883485e-05,1.0,2.7375519275665283,0.7750439367311072
7140,1140,4,6,4.2127183405682445e-05,1.0,2.740372896194458,0.7785588752196837
7141,1141,4,6,2.3303682610276155e-05,1.0,2.7422380447387695,0.7750439367311072
7142,1142,4,6,1.500187863712199e-05,1.0,2.736382007598877,0.7768014059753954
7143,1143,4,6,2.136433613486588e-05,1.0,2.744110107421875,0.7768014059753954
7144,1144,4,6,2.8556449251482263e-05,1.0,2.7367336750030518,0.7750439367311072
7145,1145,4,6,2.4912358639994636e-05,1.0,2.7413547039031982,0.7785588752196837
7146,1146,4,6,1.392958529322641e-05,1.0,2.7407267093658447,0.7750439367311072
7147,1147,4,6,7.889771040936466e-06,1.0,2.7376174926757812,0.7785588752196837
7148,1148,4,6,1.1723560419341084e-05,1.0,2.7436928749084473,0.7750439367311072
7149,1149,4,6,1.8547754734754562e-05,1.0,2.7366890907287598,0.7768014059753954
7150,1150,4,6,1.909634556795936e-05,1.0,2.7426493167877197,0.7768014059753954
7151,1151,4,6,1.2154056094004773e-05,1.0,2.7392849922180176,0.7750439367311072
7152,1152,4,6,4.809873644262552e-06,1.0,2.7393858432769775,0.7768014059753954
7153,1153,4,6,3.7196241464698687e-06,1.0,2.742371082305908,0.7750439367311072
7154,1154,4,6,8.405892913287971e-06,1.0,2.737389087677002,0.7768014059753954
7155,1155,4,6,1.282143421121873e-05,1.0,2.742974042892456,0.7750439367311072
7156,1156,4,6,1.2207757208670955e-05,1.0,2.7381832599639893,0.7768014059753954
7157,1157,4,6,7.441837169608334e-06,1.0,2.7409307956695557,0.7750439367311072
7158,1158,4,6,3.152690169372363e-06,1.0,2.7406184673309326,0.7768014059753954
7159,1159,4,6,2.7012333703169134e-06,1.0,2.738642692565918,0.7768014059753954
7160,1160,4,6,5.358634552976582e-06,1.0,2.742117166519165,0.7768014059753954
7161,1161,4,6,7.871107300161384e-06,1.0,2.738043785095215,0.7768014059753954
7162,1162,4,6,7.93136132415384e-06,1.0,2.741753339767456,0.7768014059753954
7163,1163,4,6,6.010231572872726e-06,1.0,2.739319324493408,0.7768014059753954
7164,1164,4,6,4.173526576778386e-06,1.0,2.740262746810913,0.7768014059753954
7165,1165,4,6,4.057601472595707e-06,1.0,2.7409896850585938,0.7768014059753954
7166,1166,4,6,5.5949512898223475e-06,1.0,2.739189863204956,0.7768014059753954
7167,1167,4,6,7.641849151696078e-06,1.0,2.741676092147827,0.7750439367311072
7168,1168,4,6,9.35859225137392e-06,1.0,2.7392797470092773,0.7785588752196837
7169,1169,4,6,1.1101190466433764e-05,1.0,2.7412028312683105,0.7750439367311072
7170,1170,4,6,1.4112123608356342e-05,1.0,2.7402584552764893,0.7785588752196837
7171,1171,4,6,1.9843331756419502e-05,1.0,2.7402985095977783,0.7750439367311072
7172,1172,4,6,2.957693868665956e-05,1.0,2.741241693496704,0.7785588752196837
7173,1173,4,6,4.4988355512032285e-05,1.0,2.7398149967193604,0.7750439367311072
7174,1174,4,6,6.910321826580912e-05,1.0,2.7416086196899414,0.7803163444639719
7175,1175,4,6,0.00010788421786855906,1.0,2.739927053451538,0.7750439367311072
7176,1176,4,6,0.00017117007519118488,1.0,2.7414770126342773,0.7820738137082601
7177,1177,4,6,0.0002758620248641819,1.0,2.7404510974884033,0.773286467486819
7178,1178,4,6,0.000447403930593282,1.0,2.74130916595459,0.7820738137082601
7179,1179,4,6,0.0007298897835426033,1.0,2.7411084175109863,0.773286467486819
7180,1180,4,6,0.0011865426786243916,1.0,2.7417678833007812,0.7873462214411248
7181,1181,4,6,0.0019153045723214746,1.0,2.742233991622925,0.7697715289982425
7182,1182,4,6,0.0030038917902857065,1.0,2.743171453475952,0.7873462214411248
7183,1183,4,6,0.004524424206465483,1.0,2.7433433532714844,0.7662565905096661
7184,1184,4,6,0.006183466874063015,1.0,2.74413800239563,0.789103690685413
7185,1185,4,6,0.007306459825485945,1.0,2.7420945167541504,0.7662565905096661
7186,1186,4,6,0.006633204407989979,1.0,2.7406744956970215,0.7873462214411248
7187,1187,4,6,0.003962700720876455,1.0,2.7357378005981445,0.7697715289982425
7188,1188,4,6,0.0009587887325324118,1.0,2.7352657318115234,0.7785588752196837
7189,1189,4,6,0.0001517750060884282,1.0,2.735640287399292,0.7838312829525483
7190,1190,4,6,0.0016900695627555251,1.0,2.7336909770965576,0.7697715289982425
7191,1191,4,6,0.003183299908414483,1.0,2.7380638122558594,0.7873462214411248
7192,1192,4,6,0.0026714326813817024,1.0,2.731149673461914,0.773286467486819
7193,1193,4,6,0.000856892904266715,1.0,2.739091396331787,0.7785588752196837
7194,1194,4,6,5.8570662076817825e-05,1.0,2.7325918674468994,0.7838312829525483
7195,1195,4,6,0.0009437929838895798,1.0,2.7365431785583496,0.7697715289982425
7196,1196,4,6,0.0018308449070900679,1.0,2.73653244972229,0.7838312829525483
7197,1197,4,6,0.0013567822752520442,1.0,2.7317404747009277,0.7750439367311072
7198,1198,4,6,0.0002860889653675258,1.0,2.7402024269104004,0.7785588752196837
7199,1199,4,6,0.00013283312728162855,1.0,2.730783700942993,0.7838312829525483
7200,1200,4,6,0.000833585043437779,1.0,2.7390973567962646,0.7715289982425307
7201,1201,4,6,0.0010992251336574554,1.0,2.734264612197876,0.7838312829525483
7202,1202,4,6,0.00052309047896415,1.0,2.7345480918884277,0.7785588752196837
7203,1203,4,6,2.357141966058407e-05,1.0,2.739427328109741,0.7715289982425307
7204,1204,4,6,0.0002596415870357305,1.0,2.731808662414551,0.7838312829525483
7205,1205,4,6,0.0006740668904967606,1.0,2.7397453784942627,0.7715289982425307
7206,1206,4,6,0.0005505606532096863,1.0,2.7331902980804443,0.7820738137082601
7207,1207,4,6,0.00012041891750413924,1.0,2.735905408859253,0.7820738137082601
7208,1208,4,6,4.074150274391286e-05,1.0,2.736699104309082,0.7715289982425307
7209,1209,4,6,0.0003193404118064791,1.0,2.732889175415039,0.7838312829525483
7210,1210,4,6,0.00042297743493691087,1.0,2.7378861904144287,0.7750439367311072
7211,1211,4,6,0.00019256696396041662,1.0,2.73366641998291,0.7803163444639719
7212,1212,4,6,1.1442967661423609e-05,1.0,2.736098289489746,0.7820738137082601
7213,1213,4,6,0.00011760281631723046,1.0,2.7351603507995605,0.773286467486819
7214,1214,4,6,0.00026754007558338344,1.0,2.7343201637268066,0.7820738137082601
7215,1215,4,6,0.00020051053434144706,1.0,2.735614061355591,0.7785588752196837
7216,1216,4,6,3.821610152954236e-05,1.0,2.7347047328948975,0.7785588752196837
7217,1217,4,6,2.6333669666200876e-05,1.0,2.735065460205078,0.7820738137082601
7218,1218,4,6,0.00013658512034453452,1.0,2.7347848415374756,0.7768014059753954
7219,1219,4,6,0.00016303840675391257,1.0,2.735095739364624,0.7820738137082601
7220,1220,4,6,6.851822399767116e-05,1.0,2.734344720840454,0.7803163444639719
7221,1221,4,6,7.055084097373765e-06,1.0,2.735813856124878,0.7785588752196837
7222,1222,4,6,5.330744170350954e-05,1.0,2.7341620922088623,0.7820738137082601
7223,1223,4,6,0.00010579755326034501,1.0,2.7356104850769043,0.7785588752196837
7224,1224,4,6,7.4997718911618e-05,1.0,2.7353456020355225,0.7820738137082601
7225,1225,4,6,1.4854474102321547e-05,1.0,2.73486065864563,0.7803163444639719
7226,1226,4,6,1.4053309314476792e-05,1.0,2.7365119457244873,0.7785588752196837
7227,1227,4,6,5.5973643611650914e-05,1.0,2.7343080043792725,0.7820738137082601
7228,1228,4,6,6.417146505555138e-05,1.0,2.7365190982818604,0.7785588752196837
7229,1229,4,6,2.735260932240635e-05,1.0,2.7351977825164795,0.7785588752196837
7230,1230,4,6,3.46801334671909e-06,1.0,2.73575496673584,0.7820738137082601
7231,1231,4,6,2.0808951376238838e-05,1.0,2.7360634803771973,0.7785588752196837
7232,1232,4,6,4.207422534818761e-05,1.0,2.7349953651428223,0.7820738137082601
7233,1233,4,6,3.187792026437819e-05,1.0,2.7363381385803223,0.7785588752196837
7234,1234,4,6,7.816310244379565e-06,1.0,2.735172986984253,0.7785588752196837
7235,1235,4,6,4.702565547631821e-06,1.0,2.7359843254089355,0.7803163444639719
7236,1236,4,6,2.0713721823995e-05,1.0,2.735414981842041,0.7785588752196837
7237,1237,4,6,2.6970714316121303e-05,1.0,2.7356534004211426,0.7803163444639719
7238,1238,4,6,1.4117177670414094e-05,1.0,2.735546827316284,0.7785588752196837
7239,1239,4,6,2.01381453734939e-06,1.0,2.735499858856201,0.7785588752196837
7240,1240,4,6,5.943374617345398e-06,1.0,2.7354745864868164,0.7803163444639719
7241,1241,4,6,1.589600469742436e-05,1.0,2.7353670597076416,0.7785588752196837
7242,1242,4,6,1.5479197827517055e-05,1.0,2.7357213497161865,0.7803163444639719
7243,1243,4,6,6.013004622218432e-06,1.0,2.735229253768921,0.7785588752196837
7244,1244,4,6,1.2342729860392865e-06,1.0,2.735880136489868,0.7785588752196837
7245,1245,4,6,5.8828090914175846e-06,1.0,2.7351837158203125,0.7803163444639719
7246,1246,4,6,1.0933353223663289e-05,1.0,2.7358813285827637,0.7785588752196837
7247,1247,4,6,8.609760698163882e-06,1.0,2.7354960441589355,0.7803163444639719
7248,1248,4,6,2.6883626560447738e-06,1.0,2.735623359680176,0.7785588752196837
7249,1249,4,6,1.1305401130812243e-06,1.0,2.735729694366455,0.7785588752196837
7250,1250,4,6,4.602360604621936e-06,1.0,2.7354063987731934,0.7803163444639719
7251,1251,4,6,7.0078558565001e-06,1.0,2.735870122909546,0.7785588752196837
7252,1252,4,6,4.9265313464275096e-06,1.0,2.735442876815796,0.7803163444639719
7253,1253,4,6,1.5498812899750192e-06,1.0,2.7357752323150635,0.7785588752196837
7254,1254,4,6,1.180263097921852e-06,1.0,2.735506296157837,0.7785588752196837
7255,1255,4,6,3.3746177905413788e-06,1.0,2.73576021194458,0.7803163444639719
7256,1256,4,6,4.479179096961161e-06,1.0,2.735602855682373,0.7785588752196837
7257,1257,4,6,2.999746811838122e-06,1.0,2.7358052730560303,0.7785588752196837
7258,1258,4,6,1.07034884422319e-06,1.0,2.7355806827545166,0.7785588752196837
7259,1259,4,6,9.979903552448377e-07,1.0,2.735823631286621,0.7785588752196837
7260,1260,4,6,2.2975671072344994e-06,1.0,2.7356860637664795,0.7803163444639719
7261,1261,4,6,2.8658519113378134e-06,1.0,2.735725164413452,0.7785588752196837
7262,1262,4,6,1.962730038940208e-06,1.0,2.7357985973358154,0.7785588752196837
7263,1263,4,6,8.51752929520444e-07,1.0,2.735586643218994,0.7785588752196837
7264,1264,4,6,8.245181675192725e-07,1.0,2.7359583377838135,0.7785588752196837
7265,1265,4,6,1.5866049807300442e-06,1.0,2.735586643218994,0.7803163444639719
7266,1266,4,6,1.936911303346278e-06,1.0,2.735962390899658,0.7785588752196837
7267,1267,4,6,1.4246689943320234e-06,1.0,2.7356581687927246,0.7785588752196837
7268,1268,4,6,7.407292059724568e-07,1.0,2.7359018325805664,0.7785588752196837
7269,1269,4,6,6.611908816012146e-07,1.0,2.735776662826538,0.7785588752196837
7270,1270,4,6,1.088566818907566e-06,1.0,2.7358758449554443,0.7785588752196837
7271,1271,4,6,1.3437783081826637e-06,1.0,2.735804557800293,0.7785588752196837
7272,1272,4,6,1.0905325780186104e-06,1.0,2.7359189987182617,0.7785588752196837
7273,1273,4,6,6.57731732189859e-07,1.0,2.7358083724975586,0.7785588752196837
7274,1274,4,6,5.281979724713892e-07,1.0,2.735992670059204,0.7785588752196837
7275,1275,4,6,7.453745638485998e-07,1.0,2.7358155250549316,0.7785588752196837
7276,1276,4,6,9.507722324997303e-07,1.0,2.73600435256958,0.7785588752196837
7277,1277,4,6,8.72608154622867e-07,1.0,2.7359046936035156,0.7785588752196837
7278,1278,4,6,6.129840244284424e-07,1.0,2.7359719276428223,0.7785588752196837
7279,1279,4,6,4.6270133680081926e-07,1.0,2.735980987548828,0.7785588752196837
7280,1280,4,6,5.361177386475902e-07,1.0,2.735924482345581,0.7785588752196837
7281,1281,4,6,6.82085158132395e-07,1.0,2.7360432147979736,0.7785588752196837
7282,1282,4,6,7.023806460892956e-07,1.0,2.7359580993652344,0.7785588752196837
7283,1283,4,6,5.758235488428909e-07,1.0,2.736048460006714,0.7785588752196837
7284,1284,4,6,4.4524156805891835e-07,1.0,2.7359871864318848,0.7785588752196837
7285,1285,4,6,4.2943574385390093e-07,1.0,2.7360310554504395,0.7785588752196837
7286,1286,4,6,5.045259854341566e-07,1.0,2.7360215187072754,0.7785588752196837
7287,1287,4,6,5.56909299120889e-07,1.0,2.736058235168457,0.7785588752196837
7288,1288,4,6,5.211994675846654e-07,1.0,2.736015796661377,0.7785588752196837
7289,1289,4,6,4.37924342122642e-07,1.0,2.7361085414886475,0.7785588752196837
7290,1290,4,6,3.888258675033285e-07,1.0,2.735992908477783,0.7785588752196837
7291,1291,4,6,4.052884037264448e-07,1.0,2.7361645698547363,0.7785588752196837
7292,1292,4,6,4.479543065372127e-07,1.0,2.7359671592712402,0.7785588752196837
7293,1293,4,6,4.596228677655745e-07,1.0,2.736201524734497,0.7785588752196837
7294,1294,4,6,4.275759977190319e-07,1.0,2.735956907272339,0.7785588752196837
7295,1295,4,6,3.868650253480155e-07,1.0,2.736253023147583,0.7785588752196837
7296,1296,4,6,3.7712632661168755e-07,1.0,2.735938310623169,0.7785588752196837
7297,1297,4,6,4.0276177060150076e-07,1.0,2.7363088130950928,0.7785588752196837
7298,1298,4,6,4.383895202408894e-07,1.0,2.735879898071289,0.7785588752196837
7299,1299,4,6,4.602154604071984e-07,1.0,2.736422061920166,0.7785588752196837
7300,1300,4,6,4.726887823380821e-07,1.0,2.7357821464538574,0.7785588752196837
7301,1301,4,6,5.028866780776298e-07,1.0,2.7365732192993164,0.7785588752196837
7302,1302,4,6,5.774843430117471e-07,1.0,2.735604763031006,0.7785588752196837
7303,1303,4,6,7.084548769853427e-07,1.0,2.73679780960083,0.7785588752196837
7304,1304,4,6,9.007952712636325e-07,1.0,2.7353622913360596,0.7785588752196837
7305,1305,4,6,1.1755523701140191e-06,1.0,2.7371294498443604,0.7785588752196837
7306,1306,4,6,1.5840788591958699e-06,1.0,2.734982490539551,0.7785588752196837
7307,1307,4,6,2.21931850319379e-06,1.0,2.7376368045806885,0.7785588752196837
7308,1308,4,6,3.214681328245206e-06,1.0,2.7343859672546387,0.7785588752196837
7309,1309,4,6,4.777522917720489e-06,1.0,2.7384300231933594,0.7785588752196837
7310,1310,4,6,7.214172455860535e-06,1.0,2.7333972454071045,0.7803163444639719
7311,1311,4,6,1.1080565855081659e-05,1.0,2.739706039428711,0.7785588752196837
7312,1312,4,6,1.723310379020404e-05,1.0,2.7317779064178467,0.7803163444639719
7313,1313,4,6,2.723562647588551e-05,1.0,2.7418127059936523,0.7785588752196837
7314,1314,4,6,4.347636422608048e-05,1.0,2.7290725708007812,0.7803163444639719
7315,1315,4,6,7.021243072813377e-05,1.0,2.7453231811523438,0.7785588752196837
7316,1316,4,6,0.00011431590974098071,1.0,2.7245237827301025,0.7803163444639719
7317,1317,4,6,0.00018771682516671717,1.0,2.751220941543579,0.7785588752196837
7318,1318,4,6,0.00031104226945899427,1.0,2.716756582260132,0.7803163444639719
7319,1319,4,6,0.0005157359410077333,1.0,2.7608914375305176,0.773286467486819
7320,1320,4,6,0.0008575486135669053,1.0,2.703908681869507,0.7838312829525483
7321,1321,4,6,0.0014143682783469558,1.0,2.776624917984009,0.7715289982425307
7322,1322,4,6,0.002316531492397189,1.0,2.6842339038848877,0.7855887521968365
7323,1323,4,6,0.003664568765088916,1.0,2.7979395389556885,0.773286467486819
7324,1324,4,6,0.005538324825465679,1.0,2.6627748012542725,0.789103690685413
7325,1325,4,6,0.00724711874499917,1.0,2.8082449436187744,0.773286467486819
7326,1326,4,6,0.007935679517686367,1.0,2.6680712699890137,0.7855887521968365
7327,1327,4,6,0.0058772508054971695,1.0,2.7642529010772705,0.7750439367311072
7328,1328,4,6,0.0023682215251028538,1.0,2.7285196781158447,0.7820738137082601
7329,1329,4,6,0.0005116162355989218,1.0,2.696044921875,0.7855887521968365
7330,1330,4,6,0.0015814240323379636,1.0,2.778144359588623,0.7697715289982425
7331,1331,4,6,0.003030989086255431,1.0,2.686490535736084,0.7855887521968365
7332,1332,4,6,0.002412153873592615,1.0,2.742219924926758,0.7750439367311072
7333,1333,4,6,0.0009558442397974432,1.0,2.7388789653778076,0.7803163444639719
7334,1334,4,6,0.0009108249796554446,1.0,2.6946945190429688,0.7855887521968365
7335,1335,4,6,0.001689481781795621,1.0,2.7596170902252197,0.773286467486819
7336,1336,4,6,0.0014043832197785378,1.0,2.7120444774627686,0.7820738137082601
7337,1337,4,6,0.00046312014455907047,1.0,2.7214529514312744,0.7768014059753954
7338,1338,4,6,0.0005652127438224852,1.0,2.753847360610962,0.7768014059753954
7339,1339,4,6,0.0012749556917697191,1.0,2.7066807746887207,0.7785588752196837
7340,1340,4,6,0.0010169933084398508,1.0,2.740781545639038,0.7750439367311072
7341,1341,4,6,0.00019262792193330824,1.0,2.7394087314605713,0.7785588752196837
7342,1342,4,6,0.00024660505005158484,1.0,2.712496042251587,0.7768014059753954
7343,1343,4,6,0.0008380312938243151,1.0,2.750053644180298,0.7785588752196837
7344,1344,4,6,0.0007161825778894126,1.0,2.727613925933838,0.7803163444639719
7345,1345,4,6,0.000149070008774288,1.0,2.7237439155578613,0.7785588752196837
7346,1346,4,6,0.0001750048977555707,1.0,2.752624273300171,0.7785588752196837
7347,1347,4,6,0.000535806582774967,1.0,2.7212305068969727,0.7785588752196837
7348,1348,4,6,0.00041852681897580624,1.0,2.7359888553619385,0.7785588752196837
7349,1349,4,6,9.796973608899862e-05,1.0,2.7455079555511475,0.7785588752196837
7350,1350,4,6,0.0001697684929240495,1.0,2.7189717292785645,0.7785588752196837
7351,1351,4,6,0.0003552489506546408,1.0,2.745793104171753,0.7785588752196837
7352,1352,4,6,0.00022823779727332294,1.0,2.7348039150238037,0.7785588752196837
7353,1353,4,6,6.286121788434684e-05,1.0,2.7239115238189697,0.7803163444639719
7354,1354,4,6,0.0001576119684614241,1.0,2.748347282409668,0.7768014059753954
7355,1355,4,6,0.0002389078726992011,1.0,2.7261030673980713,0.7785588752196837
7356,1356,4,6,0.00011134881060570478,1.0,2.7331883907318115,0.7803163444639719
7357,1357,4,6,3.698019645526074e-05,1.0,2.743610143661499,0.7768014059753954
7358,1358,4,6,0.0001369832898490131,1.0,2.723865032196045,0.7820738137082601
7359,1359,4,6,0.00017010263400152326,1.0,2.7419075965881348,0.7768014059753954
7360,1360,4,6,5.809235881315544e-05,1.0,2.7375192642211914,0.7768014059753954
7361,1361,4,6,1.4774238479731139e-05,1.0,2.728332996368408,0.7803163444639719
7362,1362,4,6,9.378761751577258e-05,1.0,2.7451019287109375,0.7768014059753954
7363,1363,4,6,0.00011602204176597297,1.0,2.7321836948394775,0.7803163444639719
7364,1364,4,6,4.434343645698391e-05,1.0,2.734909772872925,0.7785588752196837
7365,1365,4,6,1.8287666534888558e-05,1.0,2.7430739402770996,0.7785588752196837
7366,1366,4,6,6.0044236306566745e-05,1.0,2.7297606468200684,0.7803163444639719
7367,1367,4,6,6.469553045462817e-05,1.0,2.739598035812378,0.7768014059753954
7368,1368,4,6,2.628171023388859e-05,1.0,2.7383317947387695,0.7785588752196837
7369,1369,4,6,2.311871685378719e-05,1.0,2.7315094470977783,0.7803163444639719
7370,1370,4,6,4.874913429375738e-05,1.0,2.7419800758361816,0.7785588752196837
7371,1371,4,6,4.02852710976731e-05,1.0,2.734527349472046,0.7785588752196837
7372,1372,4,6,1.080744004866574e-05,1.0,2.735172748565674,0.7803163444639719
7373,1373,4,6,1.4518864190904424e-05,1.0,2.7408411502838135,0.7785588752196837
7374,1374,4,6,3.641100920503959e-05,1.0,2.7327511310577393,0.7803163444639719
7375,1375,4,6,3.009560350619722e-05,1.0,2.738067388534546,0.7785588752196837
7376,1376,4,6,8.186166269297246e-06,1.0,2.7380502223968506,0.7785588752196837
7377,1377,4,6,8.819987669994589e-06,1.0,2.733449935913086,0.7803163444639719
7378,1378,4,6,2.3256126951309852e-05,1.0,2.739518880844116,0.7785588752196837
7379,1379,4,6,2.083427898469381e-05,1.0,2.7356045246124268,0.7803163444639719
7380,1380,4,6,7.205308520497056e-06,1.0,2.7351248264312744,0.7803163444639719
7381,1381,4,6,6.58101180306403e-06,1.0,2.739449977874756,0.7785588752196837
7382,1382,4,6,1.5108921616047155e-05,1.0,2.7342896461486816,0.7803163444639719
7383,1383,4,6,1.4023740732227452e-05,1.0,2.737189531326294,0.7785588752196837
7384,1384,4,6,6.0106913224444725e-06,1.0,2.7378947734832764,0.7785588752196837
7385,1385,4,6,5.4650986385240685e-06,1.0,2.734034538269043,0.7803163444639719
7386,1386,4,6,1.0326699339202605e-05,1.0,2.738860607147217,0.7785588752196837
7387,1387,4,6,9.21206174098188e-06,1.0,2.735793352127075,0.7803163444639719
7388,1388,4,6,3.883531917381333e-06,1.0,2.735657215118408,0.7785588752196837
7389,1389,4,6,3.822233793471241e-06,1.0,2.7389655113220215,0.7785588752196837
7390,1390,4,6,7.844227184250485e-06,1.0,2.734708070755005,0.7785588752196837
7391,1391,4,6,7.62957370170625e-06,1.0,2.7380387783050537,0.7785588752196837
7392,1392,4,6,3.2955310871329857e-06,1.0,2.7373557090759277,0.7785588752196837
7393,1393,4,6,1.896631488307321e-06,1.0,2.735522985458374,0.7785588752196837
7394,1394,4,6,4.514881311479257e-06,1.0,2.738959789276123,0.7785588752196837
7395,1395,4,6,5.660551323671825e-06,1.0,2.7359580993652344,0.7785588752196837
7396,1396,4,6,3.543060302035883e-06,1.0,2.7372965812683105,0.7785588752196837
7397,1397,4,6,2.0171933101664763e-06,1.0,2.7380971908569336,0.7785588752196837
7398,1398,4,6,2.981450961669907e-06,1.0,2.735919952392578,0.7785588752196837
7399,1399,4,6,3.7822412650712067e-06,1.0,2.7382516860961914,0.7785588752196837
7400,1400,4,6,2.6978814275935292e-06,1.0,2.736956834793091,0.7785588752196837
7401,1401,4,6,1.6389010397688253e-06,1.0,2.736720561981201,0.7785588752196837
7402,1402,4,6,2.1721973553212592e-06,1.0,2.7381443977355957,0.7785588752196837
7403,1403,4,6,2.9150928639865015e-06,1.0,2.7364540100097656,0.7785588752196837
7404,1404,4,6,2.3582194899063325e-06,1.0,2.737557888031006,0.7785588752196837
7405,1405,4,6,1.3847520676790737e-06,1.0,2.7376110553741455,0.7785588752196837
7406,1406,4,6,1.4500878933176864e-06,1.0,2.7365782260894775,0.7785588752196837
7407,1407,4,6,2.118220891134115e-06,1.0,2.738041877746582,0.7785588752196837
7408,1408,4,6,2.071997414532234e-06,1.0,2.736978054046631,0.7785588752196837
7409,1409,4,6,1.3526439488487085e-06,1.0,2.737173318862915,0.7785588752196837
7410,1410,4,6,1.0366021570007433e-06,1.0,2.7379040718078613,0.7785588752196837
7411,1411,4,6,1.3918634067522362e-06,1.0,2.7367281913757324,0.7785588752196837
7412,1412,4,6,1.6401359062001575e-06,1.0,2.7378594875335693,0.7785588752196837
7413,1413,4,6,1.360577357445436e-06,1.0,2.737351894378662,0.7785588752196837
7414,1414,4,6,1.0248805892842938e-06,1.0,2.737060308456421,0.7785588752196837
7415,1415,4,6,1.0696227263906621e-06,1.0,2.737966537475586,0.7785588752196837
7416,1416,4,6,1.237383798979863e-06,1.0,2.7369556427001953,0.7785588752196837
7417,1417,4,6,1.1375205986041692e-06,1.0,2.737640857696533,0.7785588752196837
7418,1418,4,6,8.857739430823131e-07,1.0,2.7375690937042236,0.7785588752196837
7419,1419,4,6,8.368002681891085e-07,1.0,2.737056016921997,0.7785588752196837
7420,1420,4,6,9.893341257338761e-07,1.0,2.7379136085510254,0.7785588752196837
7421,1421,4,6,1.0386191888756002e-06,1.0,2.737152576446533,0.7785588752196837
7422,1422,4,6,8.795821599960618e-07,1.0,2.7375330924987793,0.7785588752196837
7423,1423,4,6,7.222228077807813e-07,1.0,2.737704038619995,0.7785588752196837
7424,1424,4,6,7.402741744044761e-07,1.0,2.7371344566345215,0.7785588752196837
7425,1425,4,6,8.295049269690935e-07,1.0,2.737865447998047,0.7785588752196837
7426,1426,4,6,8.117343099911523e-07,1.0,2.737290859222412,0.7785588752196837
7427,1427,4,6,7.001524409133708e-07,1.0,2.73750376701355,0.7785588752196837
7428,1428,4,6,6.365802391883335e-07,1.0,2.7377026081085205,0.7785588752196837
7429,1429,4,6,6.645171310992737e-07,1.0,2.737247943878174,0.7785588752196837
7430,1430,4,6,6.910503316248651e-07,1.0,2.7377824783325195,0.7785588752196837
7431,1431,4,6,6.49951687137218e-07,1.0,2.737416982650757,0.7785588752196837
7432,1432,4,6,5.875656370335491e-07,1.0,2.7375168800354004,0.7785588752196837
7433,1433,4,6,5.745573048443475e-07,1.0,2.737698793411255,0.7785588752196837
7434,1434,4,6,5.982822699479584e-07,1.0,2.7373814582824707,0.7785588752196837
7435,1435,4,6,5.947138106421335e-07,1.0,2.7376997470855713,0.7785588752196837
7436,1436,4,6,5.475731086335145e-07,1.0,2.737539052963257,0.7785588752196837
7437,1437,4,6,5.024749611948209e-07,1.0,2.7375080585479736,0.7785588752196837
7438,1438,4,6,4.968975986230362e-07,1.0,2.737724781036377,0.7785588752196837
7439,1439,4,6,5.121606250213517e-07,1.0,2.737448215484619,0.7785588752196837
7440,1440,4,6,5.079014613329491e-07,1.0,2.737687826156616,0.7785588752196837
7441,1441,4,6,4.78848448892677e-07,1.0,2.7376174926757812,0.7785588752196837
7442,1442,4,6,4.51967338221948e-07,1.0,2.7375311851501465,0.7785588752196837
7443,1443,4,6,4.4592715653379855e-07,1.0,2.7377498149871826,0.7785588752196837
7444,1444,4,6,4.483471229832503e-07,1.0,2.737487554550171,0.7785588752196837
7445,1445,4,6,4.39521926409725e-07,1.0,2.737706422805786,0.7785588752196837
7446,1446,4,6,4.1920444004972524e-07,1.0,2.737623453140259,0.7785588752196837
7447,1447,4,6,4.0288648506248137e-07,1.0,2.737572431564331,0.7785588752196837
7448,1448,4,6,3.986292256286106e-07,1.0,2.737745523452759,0.7785588752196837
7449,1449,4,6,3.9774084825694445e-07,1.0,2.7375473976135254,0.7785588752196837
7450,1450,4,6,3.8863419149492984e-07,1.0,2.737720012664795,0.7785588752196837
7451,1451,4,6,3.718410823694285e-07,1.0,2.737642288208008,0.7785588752196837
7452,1452,4,6,3.5759498473453277e-07,1.0,2.7376084327697754,0.7785588752196837
7453,1453,4,6,3.5178459256712813e-07,1.0,2.737739324569702,0.7785588752196837
7454,1454,4,6,3.4973382412317733e-07,1.0,2.737579107284546,0.7785588752196837
7455,1455,4,6,3.4388929748274677e-07,1.0,2.7377355098724365,0.7785588752196837
7456,1456,4,6,3.331202265144384e-07,1.0,2.7376444339752197,0.7785588752196837
7457,1457,4,6,3.222129691948794e-07,1.0,2.7376577854156494,0.7785588752196837
7458,1458,4,6,3.1529876309832616e-07,1.0,2.73772931098938,0.7785588752196837
7459,1459,4,6,3.113132720500289e-07,1.0,2.7376224994659424,0.7785588752196837
7460,1460,4,6,3.0597757927353086e-07,1.0,2.7377326488494873,0.7785588752196837
7461,1461,4,6,2.97793150139114e-07,1.0,2.7376601696014404,0.7785588752196837
7462,1462,4,6,2.889828465413302e-07,1.0,2.737687349319458,0.7785588752196837
7463,1463,4,6,2.8255806228116853e-07,1.0,2.737727642059326,0.7785588752196837
7464,1464,4,6,2.7839632821269333e-07,1.0,2.7376623153686523,0.7785588752196837
7465,1465,4,6,2.74332450089787e-07,1.0,2.7377493381500244,0.7785588752196837
7466,1466,4,6,2.6844296030503756e-07,1.0,2.7376906871795654,0.7785588752196837
7467,1467,4,6,2.6131058916689653e-07,1.0,2.7377090454101562,0.7785588752196837
7468,1468,4,6,2.549728890244296e-07,1.0,2.7377312183380127,0.7785588752196837
7469,1469,4,6,2.500322864307236e-07,1.0,2.7376856803894043,0.7785588752196837
7470,1470,4,6,2.45781905050535e-07,1.0,2.737766742706299,0.7785588752196837
7471,1471,4,6,2.4129116127369343e-07,1.0,2.7376997470855713,0.7785588752196837
7472,1472,4,6,2.360346371688138e-07,1.0,2.7377471923828125,0.7785588752196837
7473,1473,4,6,2.3085914335752022e-07,1.0,2.7377336025238037,0.7785588752196837
7474,1474,4,6,2.2624220719080768e-07,1.0,2.737717390060425,0.7785588752196837
7475,1475,4,6,2.2246514674861828e-07,1.0,2.737757682800293,0.7785588752196837
7476,1476,4,6,2.191858925471024e-07,1.0,2.7377121448516846,0.7785588752196837
7477,1477,4,6,2.1582329168268188e-07,1.0,2.7377612590789795,0.7785588752196837
7478,1478,4,6,2.1223418400495575e-07,1.0,2.7377450466156006,0.7785588752196837
7479,1479,4,6,2.0902008657230908e-07,1.0,2.7377374172210693,0.7785588752196837
7480,1480,4,6,2.0684576895746432e-07,1.0,2.737779378890991,0.7785588752196837
7481,1481,4,6,2.0636706210552802e-07,1.0,2.73771595954895,0.7785588752196837
7482,1482,4,6,2.0751322438172792e-07,1.0,2.7378060817718506,0.7785588752196837
7483,1483,4,6,2.1061462973648304e-07,1.0,2.737719774246216,0.7785588752196837
7484,1484,4,6,2.1679703365862224e-07,1.0,2.737804889678955,0.7785588752196837
7485,1485,4,6,2.284680959974139e-07,1.0,2.737734317779541,0.7785588752196837
7486,1486,4,6,2.4836390366544947e-07,1.0,2.737814426422119,0.7785588752196837
7487,1487,4,6,2.8074924784959876e-07,1.0,2.737729549407959,0.7785588752196837
7488,1488,4,6,3.3162115187224117e-07,1.0,2.7378365993499756,0.7785588752196837
7489,1489,4,6,4.118713547995867e-07,1.0,2.7376904487609863,0.7785588752196837
7490,1490,4,6,5.378482796913886e-07,1.0,2.7379026412963867,0.7785588752196837
7491,1491,4,6,7.375276140919595e-07,1.0,2.737624168395996,0.7785588752196837
7492,1492,4,6,1.0536862191656837e-06,1.0,2.737987995147705,0.7785588752196837
7493,1493,4,6,1.5579352066197316e-06,1.0,2.7375266551971436,0.7785588752196837
7494,1494,4,6,2.3657030396861956e-06,1.0,2.7381086349487305,0.7803163444639719
7495,1495,4,6,3.6704252579511376e-06,1.0,2.737393379211426,0.7785588752196837
7496,1496,4,6,5.7900901992979925e-06,1.0,2.7382919788360596,0.7803163444639719
7497,1497,4,6,9.26514076127205e-06,1.0,2.737170696258545,0.7785588752196837
7498,1498,4,6,1.499821610195795e-05,1.0,2.7386176586151123,0.7803163444639719
7499,1499,4,6,2.452039552736096e-05,1.0,2.7367889881134033,0.7785588752196837
